/*--------------------------------*- C++ -*----------------------------------*\
  =========                 |
  \\      /  F ield         | OpenFOAM: The Open Source CFD Toolbox
   \\    /   O peration     | Website:  https://openfoam.org
    \\  /    A nd           | Version:  8
     \\/     M anipulation  |
\*---------------------------------------------------------------------------*/
FoamFile
{
    version     2.0;
    format      ascii;
    class       volScalarField;
    location    "0";
    object      N2;
}
// * * * * * * * * * * * * * * * * * * * * * * * * * * * * * * * * * * * * * //

dimensions      [0 0 0 0 0 0 0];

internalField   nonuniform List<scalar> 
3000
(
0.4177
0.4177
0.4177
0.4177
0.4177
0.4177
0.4177
0.4177
0.4177
0.4177
0.42473
0.4276
0.43047
0.433339
0.436209
0.439012
0.441762
0.44453
0.4474
0.45027
0.453037
0.455787
0.45835
0.460683
0.463043
0.465913
0.468783
0.471281
0.473656
0.476264
0.479304
0.482344
0.484783
0.487117
0.489469
0.491844
0.494212
0.496452
0.498692
0.500983
0.503317
0.505702
0.508382
0.511062
0.513456
0.515696
0.517882
0.519762
0.521642
0.524042
0.526722
0.529276
0.531116
0.532956
0.535082
0.537362
0.539629
0.541821
0.544013
0.546034
0.547914
0.54981
0.552002
0.554194
0.556213
0.558021
0.559829
0.561637
0.563444
0.565252
0.56706
0.568867
0.570675
0.572483
0.57429
0.576098
0.577906
0.579683
0.581424
0.583165
0.584656
0.586063
0.587487
0.589228
0.590969
0.592709
0.59445
0.596191
0.597623
0.59889
0.600157
0.602127
0.604478
0.606123
0.60739
0.608657
0.610118
0.611685
0.613252
0.614407
0.61534
0.616273
0.617618
0.619185
0.620752
0.622123
0.62339
0.624657
0.625923
0.62719
0.628457
0.630135
0.632035
0.633502
0.634735
0.635968
0.637223
0.63849
0.639757
0.640818
0.641768
0.642718
0.643668
0.644607
0.64554
0.646473
0.647623
0.64889
0.650157
0.651207
0.65214
0.653073
0.654223
0.65549
0.656757
0.657687
0.658438
0.659188
0.659937
0.66085
0.66185
0.66285
0.66385
0.66485
0.66585
0.666687
0.667437
0.668187
0.668937
0.669828
0.670795
0.671762
0.672539
0.673214
0.673889
0.674564
0.675239
0.675914
0.676589
0.677264
0.677939
0.678614
0.679289
0.679964
0.680623
0.681272
0.681922
0.682573
0.683369
0.684244
0.685119
0.685994
0.686706
0.687331
0.687956
0.688581
0.689174
0.689749
0.690324
0.690899
0.691412
0.691892
0.692372
0.692852
0.693332
0.694036
0.694861
0.695686
0.696511
0.697086
0.697526
0.697966
0.698406
0.698846
0.699273
0.699693
0.700113
0.700533
0.700953
0.701373
0.701793
0.702213
0.702633
0.703053
0.703525
0.704025
0.704525
0.705025
0.705525
0.706025
0.706447
0.706827
0.707207
0.707587
0.707967
0.708306
0.708622
0.708939
0.709256
0.709572
0.709889
0.710251
0.710636
0.711022
0.711408
0.711794
0.712179
0.712565
0.712867
0.713124
0.713381
0.713639
0.713896
0.714153
0.71441
0.714658
0.714901
0.715144
0.715386
0.715629
0.715872
0.716115
0.716411
0.716736
0.717061
0.717386
0.717711
0.718036
0.718361
0.718686
0.718901
0.719057
0.719212
0.719368
0.719523
0.719679
0.719834
0.71999
0.720146
0.720381
0.720658
0.720936
0.721214
0.721492
0.721769
0.722047
0.722325
0.722603
0.722776
0.722892
0.723009
0.723126
0.723243
0.723359
0.723476
0.723592
0.723709
0.723826
0.723942
0.724059
0.724217
0.724398
0.724579
0.72476
0.724941
0.725121
0.725302
0.725483
0.725664
0.725844
0.726025
0.726206
0.726387
0.726501
0.72658
0.726659
0.726738
0.726817
0.726896
0.726975
0.727054
0.727132
0.727211
0.72729
0.727369
0.727448
0.727527
0.727606
0.727685
0.727764
0.727842
0.727907
0.727964
0.728021
0.728078
0.728135
0.728192
0.728249
0.728305
0.728362
0.728419
0.728476
0.728533
0.72859
0.728647
0.728704
0.728761
0.728818
0.728875
0.728932
0.728989
0.729045
0.729102
0.729159
0.729216
0.729273
0.72933
0.729385
0.729438
0.729492
0.729545
0.729599
0.729652
0.729706
0.729759
0.729813
0.729866
0.72992
0.729973
0.730027
0.73008
0.730134
0.730187
0.730241
0.730294
0.730348
0.730401
0.730455
0.730508
0.730562
0.730615
0.730668
0.730722
0.730775
0.730829
0.730882
0.730936
0.730989
0.731043
0.731096
0.73115
0.731203
0.731257
0.73131
0.731364
0.731417
0.731471
0.731524
0.731578
0.731631
0.731663
0.731684
0.731705
0.731725
0.731746
0.731766
0.731787
0.731808
0.731828
0.731849
0.731869
0.73189
0.731911
0.731931
0.731952
0.731972
0.731993
0.732014
0.732034
0.732055
0.732076
0.732096
0.732117
0.732137
0.732158
0.732179
0.732199
0.73222
0.73224
0.732261
0.732282
0.732302
0.732323
0.732343
0.732364
0.732385
0.732405
0.732426
0.732446
0.732467
0.732488
0.732508
0.732529
0.732549
0.73257
0.732591
0.732611
0.732632
0.732652
0.732673
0.732694
0.732714
0.732735
0.732755
0.732776
0.732797
0.732817
0.732838
0.732859
0.732879
0.7329
0.73292
0.732941
0.732962
0.732982
0.733003
0.733023
0.733044
0.733065
0.733085
0.733106
0.73311
0.733105
0.7331
0.733095
0.733091
0.733086
0.733081
0.733076
0.733071
0.733066
0.733062
0.733057
0.733052
0.733047
0.733042
0.733037
0.733032
0.733028
0.733023
0.733018
0.733013
0.733008
0.733003
0.732999
0.732994
0.732989
0.732984
0.732979
0.732974
0.73297
0.732965
0.73296
0.732955
0.73295
0.732945
0.732941
0.732936
0.732931
0.732926
0.732921
0.732916
0.732912
0.732907
0.732902
0.732897
0.732892
0.732887
0.732883
0.732878
0.732873
0.732868
0.732863
0.732858
0.732854
0.732849
0.732844
0.732839
0.732834
0.732829
0.732825
0.73282
0.732815
0.73281
0.732805
0.7328
0.732796
0.732791
0.732786
0.732781
0.732776
0.732771
0.732767
0.732762
0.732757
0.732752
0.732747
0.732742
0.732738
0.732733
0.732728
0.732723
0.732718
0.732713
0.732709
0.732704
0.732699
0.732694
0.732689
0.732684
0.73268
0.732675
0.73267
0.732665
0.73266
0.732655
0.73265
0.732646
0.732641
0.732636
0.732631
0.732626
0.732621
0.732617
0.732612
0.732607
0.732602
0.732597
0.732592
0.732588
0.732583
0.732578
0.732573
0.732568
0.732567
0.732567
0.732567
0.732567
0.732568
0.732568
0.732568
0.732568
0.732568
0.732569
0.732569
0.732569
0.732569
0.732569
0.73257
0.73257
0.73257
0.73257
0.73257
0.732571
0.732571
0.732571
0.732571
0.732571
0.732572
0.732572
0.732572
0.732572
0.732572
0.732573
0.732573
0.732573
0.732573
0.732573
0.732574
0.732574
0.732574
0.732574
0.732574
0.732575
0.732575
0.732575
0.732575
0.732575
0.732576
0.732576
0.732576
0.732576
0.732576
0.732577
0.732577
0.732577
0.732577
0.732577
0.732578
0.732578
0.732578
0.732578
0.732578
0.732579
0.732579
0.732579
0.732579
0.732579
0.73258
0.73258
0.73258
0.73258
0.73258
0.732581
0.732581
0.732581
0.732581
0.732581
0.732582
0.732582
0.732582
0.732582
0.732582
0.732583
0.732583
0.732583
0.732583
0.732583
0.732584
0.732584
0.732584
0.732584
0.732584
0.732585
0.732585
0.732585
0.732585
0.732585
0.732586
0.732586
0.732586
0.732586
0.732586
0.732587
0.732587
0.732587
0.732587
0.732587
0.732588
0.732588
0.732588
0.732588
0.732588
0.732589
0.732589
0.732589
0.732589
0.732589
0.73259
0.73259
0.73259
0.73259
0.73259
0.732591
0.732591
0.732591
0.732591
0.732591
0.732592
0.732592
0.732592
0.732592
0.732592
0.732593
0.732593
0.732593
0.732593
0.732593
0.732594
0.732594
0.732594
0.732594
0.732594
0.732595
0.732595
0.732595
0.732595
0.732595
0.732596
0.732596
0.732596
0.732596
0.732596
0.732597
0.732597
0.732597
0.732597
0.732597
0.732598
0.732598
0.732598
0.732598
0.732598
0.732599
0.732599
0.732599
0.732599
0.732599
0.7326
0.7326
0.7326
0.7326
0.7326
0.7326
0.7326
0.7326
0.7326
0.7326
0.7326
0.7326
0.7326
0.7326
0.7326
0.7326
0.7326
0.7326
0.7326
0.7326
0.7326
0.7326
0.7326
0.7326
0.7326
0.7326
0.7326
0.7326
0.7326
0.7326
0.7326
0.7326
0.7326
0.7326
0.7326
0.7326
0.7326
0.7326
0.7326
0.7326
0.7326
0.7326
0.7326
0.7326
0.7326
0.7326
0.7326
0.7326
0.7326
0.7326
0.7326
0.7326
0.7326
0.7326
0.7326
0.7326
0.7326
0.7326
0.7326
0.7326
0.7326
0.7326
0.7326
0.7326
0.7326
0.7326
0.7326
0.7326
0.7326
0.7326
0.7326
0.7326
0.7326
0.7326
0.7326
0.7326
0.7326
0.7326
0.7326
0.7326
0.7326
0.7326
0.7326
0.7326
0.7326
0.7326
0.7326
0.7326
0.7326
0.7326
0.7326
0.7326
0.7326
0.7326
0.7326
0.7326
0.7326
0.7326
0.7326
0.7326
0.7326
0.7326
0.7326
0.7326
0.7326
0.7326
0.7326
0.7326
0.7326
0.7326
0.7326
0.7326
0.7326
0.7326
0.7326
0.7326
0.7326
0.7326
0.7326
0.7326
0.7326
0.7326
0.7326
0.7326
0.7326
0.7326
0.7326
0.7326
0.7326
0.7326
0.7326
0.7326
0.7326
0.7326
0.7326
0.7326
0.7326
0.7326
0.7326
0.7326
0.7326
0.7326
0.7326
0.7326
0.7326
0.7326
0.7326
0.7326
0.7326
0.7326
0.7326
0.7326
0.7326
0.7326
0.7326
0.7326
0.7326
0.7326
0.7326
0.7326
0.7326
0.7326
0.7326
0.7326
0.7326
0.7326
0.7326
0.7326
0.7326
0.7326
0.7326
0.7326
0.7326
0.7326
0.7326
0.7326
0.7326
0.7326
0.7326
0.7326
0.7326
0.7326
0.7326
0.7326
0.7326
0.7326
0.7326
0.7326
0.7326
0.7326
0.7326
0.7326
0.7326
0.7326
0.7326
0.7326
0.7326
0.7326
0.7326
0.7326
0.7326
0.7326
0.7326
0.7326
0.7326
0.7326
0.7326
0.7326
0.7326
0.7326
0.7326
0.7326
0.7326
0.7326
0.7326
0.7326
0.7326
0.7326
0.7326
0.7326
0.7326
0.7326
0.7326
0.7326
0.7326
0.7326
0.7326
0.7326
0.7326
0.7326
0.7326
0.7326
0.7326
0.7326
0.7326
0.7326
0.7326
0.7326
0.7326
0.7326
0.7326
0.7326
0.7326
0.7326
0.7326
0.7326
0.7326
0.7326
0.7326
0.7326
0.7326
0.7326
0.7326
0.7326
0.7326
0.7326
0.7326
0.7326
0.7326
0.7326
0.7326
0.7326
0.7326
0.7326
0.7326
0.7326
0.7326
0.7326
0.7326
0.7326
0.7326
0.7326
0.7326
0.7326
0.7326
0.7326
0.7326
0.7326
0.7326
0.7326
0.7326
0.7326
0.7326
0.7326
0.7326
0.7326
0.7326
0.7326
0.7326
0.7326
0.7326
0.7326
0.7326
0.7326
0.7326
0.7326
0.7326
0.7326
0.7326
0.7326
0.7326
0.7326
0.7326
0.7326
0.7326
0.7326
0.7326
0.7326
0.7326
0.7326
0.7326
0.7326
0.7326
0.7326
0.7326
0.7326
0.7326
0.7326
0.7326
0.7326
0.7326
0.7326
0.7326
0.7326
0.7326
0.7326
0.7326
0.7326
0.7326
0.7326
0.7326
0.7326
0.7326
0.7326
0.7326
0.7326
0.7326
0.7326
0.7326
0.7326
0.7326
0.7326
0.7326
0.7326
0.7326
0.7326
0.7326
0.7326
0.7326
0.7326
0.7326
0.7326
0.7326
0.7326
0.7326
0.7326
0.7326
0.7326
0.7326
0.7326
0.7326
0.7326
0.7326
0.7326
0.7326
0.7326
0.7326
0.7326
0.7326
0.7326
0.7326
0.7326
0.7326
0.7326
0.7326
0.7326
0.7326
0.7326
0.7326
0.7326
0.7326
0.7326
0.7326
0.7326
0.7326
0.7326
0.7326
0.7326
0.7326
0.7326
0.7326
0.7326
0.7326
0.7326
0.7326
0.7326
0.7326
0.7326
0.7326
0.7326
0.7326
0.7326
0.7326
0.7326
0.7326
0.7326
0.7326
0.7326
0.7326
0.7326
0.7326
0.7326
0.7326
0.7326
0.7326
0.7326
0.7326
0.7326
0.7326
0.7326
0.7326
0.7326
0.7326
0.7326
0.7326
0.7326
0.7326
0.7326
0.7326
0.7326
0.7326
0.7326
0.7326
0.7326
0.7326
0.7326
0.7326
0.7326
0.7326
0.7326
0.7326
0.7326
0.7326
0.7326
0.7326
0.7326
0.7326
0.7326
0.7326
0.7326
0.7326
0.7326
0.7326
0.7326
0.7326
0.7326
0.7326
0.7326
0.7326
0.7326
0.7326
0.7326
0.7326
0.7326
0.7326
0.7326
0.7326
0.7326
0.7326
0.7326
0.7326
0.7326
0.7326
0.7326
0.7326
0.7326
0.7326
0.7326
0.7326
0.7326
0.7326
0.7326
0.7326
0.7326
0.7326
0.7326
0.7326
0.7326
0.7326
0.7326
0.7326
0.7326
0.7326
0.7326
0.7326
0.7326
0.7326
0.7326
0.7326
0.7326
0.7326
0.7326
0.7326
0.7326
0.7326
0.7326
0.7326
0.7326
0.7326
0.7326
0.7326
0.7326
0.7326
0.7326
0.7326
0.7326
0.7326
0.7326
0.7326
0.7326
0.7326
0.7326
0.7326
0.7326
0.7326
0.7326
0.7326
0.7326
0.7326
0.7326
0.7326
0.7326
0.7326
0.7326
0.7326
0.7326
0.7326
0.7326
0.7326
0.7326
0.7326
0.7326
0.7326
0.7326
0.7326
0.7326
0.7326
0.7326
0.7326
0.7326
0.7326
0.7326
0.7326
0.7326
0.7326
0.7326
0.7326
0.7326
0.7326
0.7326
0.7326
0.7326
0.7326
0.7326
0.7326
0.7326
0.7326
0.7326
0.7326
0.7326
0.7326
0.7326
0.7326
0.7326
0.7326
0.7326
0.7326
0.7326
0.7326
0.7326
0.7326
0.7326
0.7326
0.7326
0.7326
0.7326
0.7326
0.7326
0.7326
0.7326
0.7326
0.7326
0.7326
0.7326
0.7326
0.7326
0.7326
0.7326
0.7326
0.7326
0.7326
0.7326
0.7326
0.7326
0.7326
0.7326
0.7326
0.7326
0.7326
0.7326
0.7326
0.7326
0.7326
0.7326
0.7326
0.7326
0.7326
0.7326
0.7326
0.7326
0.7326
0.7326
0.7326
0.7326
0.7326
0.7326
0.7326
0.7326
0.7326
0.7326
0.7326
0.7326
0.7326
0.7326
0.7326
0.7326
0.7326
0.7326
0.7326
0.7326
0.7326
0.7326
0.7326
0.7326
0.7326
0.7326
0.7326
0.7326
0.7326
0.7326
0.7326
0.7326
0.7326
0.7326
0.7326
0.7326
0.7326
0.7326
0.7326
0.7326
0.7326
0.7326
0.7326
0.7326
0.7326
0.7326
0.7326
0.7326
0.7326
0.7326
0.7326
0.7326
0.7326
0.7326
0.7326
0.7326
0.7326
0.7326
0.7326
0.7326
0.7326
0.7326
0.7326
0.7326
0.7326
0.7326
0.7326
0.7326
0.7326
0.7326
0.7326
0.7326
0.7326
0.7326
0.7326
0.7326
0.7326
0.7326
0.7326
0.7326
0.7326
0.7326
0.7326
0.7326
0.7326
0.7326
0.7326
0.7326
0.7326
0.7326
0.7326
0.7326
0.7326
0.7326
0.7326
0.7326
0.7326
0.7326
0.7326
0.7326
0.7326
0.7326
0.7326
0.7326
0.7326
0.7326
0.7326
0.7326
0.7326
0.7326
0.7326
0.7326
0.7326
0.7326
0.7326
0.7326
0.7326
0.7326
0.7326
0.7326
0.7326
0.7326
0.7326
0.7326
0.7326
0.7326
0.7326
0.7326
0.7326
0.7326
0.7326
0.7326
0.7326
0.7326
0.7326
0.7326
0.7326
0.7326
0.7326
0.7326
0.7326
0.7326
0.7326
0.7326
0.7326
0.7326
0.7326
0.7326
0.7326
0.7326
0.7326
0.7326
0.7326
0.7326
0.7326
0.7326
0.7326
0.7326
0.7326
0.7326
0.7326
0.7326
0.7326
0.7326
0.7326
0.7326
0.7326
0.7326
0.7326
0.7326
0.7326
0.7326
0.7326
0.7326
0.7326
0.7326
0.7326
0.7326
0.7326
0.7326
0.7326
0.7326
0.7326
0.7326
0.7326
0.7326
0.7326
0.7326
0.7326
0.7326
0.7326
0.7326
0.7326
0.7326
0.7326
0.7326
0.7326
0.7326
0.7326
0.7326
0.7326
0.7326
0.7326
0.7326
0.7326
0.7326
0.7326
0.7326
0.7326
0.7326
0.7326
0.7326
0.7326
0.7326
0.7326
0.7326
0.7326
0.7326
0.7326
0.7326
0.7326
0.7326
0.7326
0.7326
0.7326
0.7326
0.7326
0.7326
0.7326
0.7326
0.7326
0.7326
0.7326
0.7326
0.7326
0.7326
0.7326
0.7326
0.7326
0.7326
0.7326
0.7326
0.7326
0.7326
0.7326
0.7326
0.7326
0.7326
0.7326
0.7326
0.7326
0.7326
0.7326
0.7326
0.7326
0.7326
0.7326
0.7326
0.7326
0.7326
0.7326
0.7326
0.7326
0.7326
0.7326
0.7326
0.7326
0.7326
0.7326
0.7326
0.7326
0.7326
0.7326
0.7326
0.7326
0.7326
0.7326
0.7326
0.7326
0.7326
0.7326
0.7326
0.7326
0.7326
0.7326
0.7326
0.7326
0.7326
0.7326
0.7326
0.7326
0.7326
0.7326
0.7326
0.7326
0.7326
0.7326
0.7326
0.7326
0.7326
0.7326
0.7326
0.7326
0.7326
0.7326
0.7326
0.7326
0.7326
0.7326
0.7326
0.7326
0.7326
0.7326
0.7326
0.7326
0.7326
0.7326
0.7326
0.7326
0.7326
0.7326
0.7326
0.7326
0.7326
0.7326
0.7326
0.7326
0.7326
0.7326
0.7326
0.7326
0.7326
0.7326
0.7326
0.7326
0.7326
0.7326
0.7326
0.7326
0.7326
0.7326
0.7326
0.7326
0.7326
0.7326
0.7326
0.7326
0.7326
0.7326
0.7326
0.7326
0.7326
0.7326
0.7326
0.7326
0.7326
0.7326
0.7326
0.7326
0.7326
0.7326
0.7326
0.7326
0.7326
0.7326
0.7326
0.7326
0.7326
0.7326
0.7326
0.7326
0.7326
0.7326
0.7326
0.7326
0.7326
0.7326
0.7326
0.7326
0.7326
0.7326
0.7326
0.7326
0.7326
0.7326
0.7326
0.7326
0.7326
0.7326
0.7326
0.7326
0.7326
0.7326
0.7326
0.7326
0.7326
0.7326
0.7326
0.7326
0.7326
0.7326
0.7326
0.7326
0.7326
0.7326
0.7326
0.7326
0.7326
0.7326
0.7326
0.7326
0.7326
0.7326
0.7326
0.7326
0.7326
0.7326
0.7326
0.7326
0.7326
0.7326
0.7326
0.7326
0.7326
0.7326
0.7326
0.7326
0.7326
0.7326
0.7326
0.7326
0.7326
0.7326
0.7326
0.7326
0.7326
0.7326
0.7326
0.7326
0.7326
0.7326
0.7326
0.7326
0.7326
0.7326
0.7326
0.7326
0.7326
0.7326
0.7326
0.7326
0.7326
0.7326
0.7326
0.7326
0.7326
0.7326
0.7326
0.7326
0.7326
0.7326
0.7326
0.7326
0.7326
0.7326
0.7326
0.7326
0.7326
0.7326
0.7326
0.7326
0.7326
0.7326
0.7326
0.7326
0.7326
0.7326
0.7326
0.7326
0.7326
0.7326
0.7326
0.7326
0.7326
0.7326
0.7326
0.7326
0.7326
0.7326
0.7326
0.7326
0.7326
0.7326
0.7326
0.7326
0.7326
0.7326
0.7326
0.7326
0.7326
0.7326
0.7326
0.7326
0.7326
0.7326
0.7326
0.7326
0.7326
0.7326
0.7326
0.7326
0.7326
0.7326
0.7326
0.7326
0.7326
0.7326
0.7326
0.7326
0.7326
0.7326
0.7326
0.7326
0.7326
0.7326
0.7326
0.7326
0.7326
0.7326
0.7326
0.7326
0.7326
0.7326
0.7326
0.7326
0.7326
0.7326
0.7326
0.7326
0.7326
0.7326
0.7326
0.7326
0.7326
0.7326
0.7326
0.7326
0.7326
0.7326
0.7326
0.7326
0.7326
0.7326
0.7326
0.7326
0.7326
0.7326
0.7326
0.7326
0.7326
0.7326
0.7326
0.7326
0.7326
0.7326
0.7326
0.7326
0.7326
0.7326
0.7326
0.7326
0.7326
0.7326
0.7326
0.7326
0.7326
0.7326
0.7326
0.7326
0.7326
0.7326
0.7326
0.7326
0.7326
0.7326
0.7326
0.7326
0.7326
0.7326
0.7326
0.7326
0.7326
0.7326
0.7326
0.7326
0.7326
0.7326
0.7326
0.7326
0.7326
0.7326
0.7326
0.7326
0.7326
0.7326
0.7326
0.7326
0.7326
0.7326
0.7326
0.7326
0.7326
0.7326
0.7326
0.7326
0.7326
0.7326
0.7326
0.7326
0.7326
0.7326
0.7326
0.7326
0.7326
0.7326
0.7326
0.7326
0.7326
0.7326
0.7326
0.7326
0.7326
0.7326
0.7326
0.7326
0.7326
0.7326
0.7326
0.7326
0.7326
0.7326
0.7326
0.7326
0.7326
0.7326
0.7326
0.7326
0.7326
0.7326
0.7326
0.7326
0.7326
0.7326
0.7326
0.7326
0.7326
0.7326
0.7326
0.7326
0.7326
0.7326
0.7326
0.7326
0.7326
0.7326
0.7326
0.7326
0.7326
0.7326
0.7326
0.7326
0.7326
0.7326
0.7326
0.7326
0.7326
0.7326
0.7326
0.7326
0.7326
0.7326
0.7326
0.7326
0.7326
0.7326
0.7326
0.7326
0.7326
0.7326
0.7326
0.7326
0.7326
0.7326
0.7326
0.7326
0.7326
0.7326
0.7326
0.7326
0.7326
0.7326
0.7326
0.7326
0.7326
0.7326
0.7326
0.7326
0.7326
0.7326
0.7326
0.7326
0.7326
0.7326
0.7326
0.7326
0.7326
0.7326
0.7326
0.7326
0.7326
0.7326
0.7326
0.7326
0.7326
0.7326
0.7326
0.7326
0.7326
0.7326
0.7326
0.7326
0.7326
0.7326
0.7326
0.7326
0.7326
0.7326
0.7326
0.7326
0.7326
0.7326
0.7326
0.7326
0.7326
0.7326
0.7326
0.7326
0.7326
0.7326
0.7326
0.7326
0.7326
0.7326
0.7326
0.7326
0.7326
0.7326
0.7326
0.7326
0.7326
0.7326
0.7326
0.7326
0.7326
0.7326
0.7326
0.7326
0.7326
0.7326
0.7326
0.7326
0.7326
0.7326
0.7326
0.7326
0.7326
0.7326
0.7326
0.7326
0.7326
0.7326
0.7326
0.7326
0.7326
0.7326
0.7326
0.7326
0.7326
0.7326
0.7326
0.7326
0.7326
0.7326
0.7326
0.7326
0.7326
0.7326
0.7326
0.7326
0.7326
0.7326
0.7326
0.7326
0.7326
0.7326
0.7326
0.7326
0.7326
0.7326
0.7326
0.7326
0.7326
0.7326
0.7326
0.7326
0.7326
0.7326
0.7326
0.7326
0.7326
0.7326
0.7326
0.7326
0.7326
0.7326
0.7326
0.7326
0.7326
0.7326
0.7326
0.7326
0.7326
0.7326
0.7326
0.7326
0.7326
0.7326
0.7326
0.7326
0.7326
0.7326
0.7326
0.7326
0.7326
0.7326
0.7326
0.7326
0.7326
0.7326
0.7326
0.7326
0.7326
0.7326
0.7326
0.7326
0.7326
0.7326
0.7326
0.7326
0.7326
0.7326
0.7326
0.7326
0.7326
0.7326
0.7326
0.7326
0.7326
0.7326
0.7326
0.7326
0.7326
0.7326
0.7326
0.7326
0.7326
0.7326
0.7326
0.7326
0.7326
0.7326
0.7326
0.7326
0.7326
0.7326
0.7326
0.7326
0.7326
0.7326
0.7326
0.7326
0.7326
0.7326
0.7326
0.7326
0.7326
0.7326
0.7326
0.7326
0.7326
0.7326
0.7326
0.7326
0.7326
0.7326
0.7326
0.7326
0.7326
0.7326
0.7326
0.7326
0.7326
0.7326
0.7326
0.7326
0.7326
0.7326
0.7326
0.7326
0.7326
0.7326
0.7326
0.7326
0.7326
0.7326
0.7326
0.7326
0.7326
0.7326
0.7326
0.7326
0.7326
0.7326
0.7326
0.7326
0.7326
0.7326
0.7326
0.7326
0.7326
0.7326
0.7326
0.7326
0.7326
0.7326
0.7326
0.7326
0.7326
0.7326
0.7326
0.7326
0.7326
0.7326
0.7326
0.7326
0.7326
0.7326
0.7326
0.7326
0.7326
0.7326
0.7326
0.7326
0.7326
0.7326
0.7326
0.7326
0.7326
0.7326
0.7326
0.7326
0.7326
0.7326
0.7326
0.7326
0.7326
0.7326
0.7326
0.7326
0.7326
0.7326
0.7326
0.7326
0.7326
0.7326
0.7326
0.7326
0.7326
0.7326
0.7326
0.7326
0.7326
0.7326
0.7326
0.7326
0.7326
0.7326
0.7326
0.7326
0.7326
0.7326
0.7326
0.7326
0.7326
0.7326
0.7326
0.7326
0.7326
0.7326
0.7326
0.7326
0.7326
0.7326
0.7326
0.7326
0.7326
0.7326
0.7326
0.7326
0.7326
0.7326
0.7326
0.7326
0.7326
0.7326
0.7326
0.7326
0.7326
0.7326
0.7326
0.7326
0.7326
0.7326
0.7326
0.7326
0.7326
0.7326
0.7326
0.7326
0.7326
0.7326
0.7326
0.7326
0.7326
0.7326
0.7326
0.7326
0.7326
0.7326
0.7326
0.7326
0.7326
0.7326
0.7326
0.7326
0.7326
0.7326
0.7326
0.7326
0.7326
0.7326
0.7326
0.7326
0.7326
0.7326
0.7326
0.7326
0.7326
0.7326
0.7326
0.7326
0.7326
0.7326
0.7326
0.7326
0.7326
0.7326
0.7326
0.7326
0.7326
0.7326
0.7326
0.7326
0.7326
0.7326
0.7326
0.7326
0.7326
0.7326
0.7326
0.7326
0.7326
0.7326
0.7326
0.7326
0.7326
0.7326
0.7326
0.7326
0.7326
0.7326
0.7326
0.7326
0.7326
0.7326
0.7326
0.7326
0.7326
0.7326
0.7326
0.7326
0.7326
0.7326
0.7326
0.7326
0.7326
0.7326
0.7326
0.7326
0.7326
0.7326
0.7326
0.7326
0.7326
0.7326
0.7326
0.7326
0.7326
0.7326
0.7326
0.7326
0.7326
0.7326
0.7326
0.7326
0.7326
0.7326
0.7326
0.7326
0.7326
0.7326
0.7326
0.7326
0.7326
0.7326
0.7326
0.7326
0.7326
0.7326
0.7326
0.7326
0.7326
0.7326
0.7326
0.7326
0.7326
0.7326
0.7326
0.7326
0.7326
0.7326
0.7326
0.7326
0.7326
0.7326
0.7326
0.7326
0.7326
0.7326
0.7326
0.7326
0.7326
0.7326
0.7326
0.7326
0.7326
0.7326
0.7326
0.7326
0.7326
0.7326
0.7326
0.7326
0.7326
0.7326
0.7326
0.7326
0.7326
0.7326
0.7326
0.7326
0.7326
0.7326
0.7326
0.7326
0.7326
0.7326
0.7326
0.7326
0.7326
0.7326
0.7326
0.7326
0.7326
0.7326
0.7326
0.7326
0.7326
0.7326
0.7326
0.7326
0.7326
0.7326
0.7326
0.7326
0.7326
0.7326
0.7326
0.7326
0.7326
0.7326
0.7326
0.7326
0.7326
0.7326
0.7326
0.7326
0.7326
0.7326
0.7326
0.7326
0.7326
0.7326
0.7326
0.7326
0.7326
0.7326
0.7326
0.7326
0.7326
0.7326
0.7326
0.7326
0.7326
0.7326
0.7326
0.7326
0.7326
0.7326
0.7326
0.7326
0.7326
0.7326
0.7326
0.7326
0.7326
0.7326
0.7326
0.7326
0.7326
0.7326
0.7326
0.7326
0.7326
0.7326
0.7326
0.7326
0.7326
0.7326
0.7326
0.7326
0.7326
0.7326
0.7326
0.7326
0.7326
0.7326
0.7326
0.7326
0.7326
0.7326
0.7326
0.7326
0.7326
0.7326
0.7326
0.7326
0.7326
0.7326
0.7326
0.7326
0.7326
0.7326
0.7326
0.7326
0.7326
0.7326
0.7326
0.7326
0.7326
0.7326
0.7326
0.7326
0.7326
0.7326
0.7326
0.7326
0.7326
0.7326
0.7326
0.7326
0.7326
0.7326
0.7326
0.7326
0.7326
0.7326
0.7326
0.7326
0.7326
0.7326
0.7326
0.7326
0.7326
0.7326
0.7326
0.7326
0.7326
0.7326
0.7326
0.7326
0.7326
0.7326
0.7326
0.7326
0.7326
0.7326
0.7326
0.7326
0.7326
0.7326
0.7326
0.7326
0.7326
0.7326
0.7326
0.7326
0.7326
0.7326
0.7326
0.7326
0.7326
0.7326
0.7326
0.7326
0.7326
0.7326
0.7326
0.7326
0.7326
0.7326
0.7326
0.7326
0.7326
0.7326
0.7326
0.7326
0.7326
0.7326
0.7326
0.7326
0.7326
0.7326
0.7326
0.7326
0.7326
0.7326
0.7326
0.7326
0.7326
0.7326
0.7326
0.7326
0.7326
0.7326
0.7326
0.7326
0.7326
0.7326
0.7326
0.7326
0.7326
0.7326
0.7326
0.7326
0.7326
0.7326
0.7326
0.7326
0.7326
0.7326
0.7326
0.7326
0.7326
0.7326
0.7326
0.7326
0.7326
0.7326
0.7326
0.7326
0.7326
0.7326
0.7326
0.7326
0.7326
0.7326
0.7326
0.7326
0.7326
0.7326
0.7326
0.7326
0.7326
0.7326
0.7326
0.7326
0.7326
0.7326
0.7326
0.7326
0.7326
0.7326
0.7326
0.7326
0.7326
0.7326
0.7326
0.7326
0.7326
0.7326
0.7326
0.7326
0.7326
0.7326
0.7326
0.7326
0.7326
0.7326
0.7326
0.7326
0.7326
0.7326
0.7326
0.7326
0.7326
0.7326
0.7326
0.7326
0.7326
0.7326
0.7326
0.7326
0.7326
0.7326
0.7326
0.7326
0.7326
0.7326
0.7326
0.7326
0.7326
0.7326
0.7326
0.7326
0.7326
0.7326
0.7326
0.7326
0.7326
0.7326
0.7326
0.7326
0.7326
0.7326
0.7326
0.7326
0.7326
0.7326
0.7326
0.7326
0.7326
0.7326
0.7326
0.7326
0.7326
0.7326
0.7326
0.7326
0.7326
0.7326
0.7326
0.7326
0.7326
0.7326
0.7326
0.7326
0.7326
0.7326
0.7326
0.7326
0.7326
0.7326
0.7326
0.7326
0.7326
0.7326
0.7326
0.7326
0.7326
0.7326
0.7326
0.7326
0.7326
0.7326
0.7326
0.7326
0.7326
0.7326
0.7326
0.7326
0.7326
0.7326
0.7326
0.7326
0.7326
0.7326
0.7326
0.7326
0.7326
0.7326
0.7326
0.7326
0.7326
0.7326
0.7326
0.7326
0.7326
0.7326
0.7326
0.7326
0.7326
0.7326
0.7326
0.7326
0.7326
0.7326
0.7326
0.7326
0.7326
0.7326
0.7326
0.7326
0.7326
0.7326
0.7326
0.7326
0.7326
0.7326
0.7326
0.7326
0.7326
0.7326
0.7326
0.7326
0.7326
0.7326
0.7326
0.7326
0.7326
0.7326
0.7326
0.7326
0.7326
0.7326
0.7326
0.7326
0.7326
0.7326
0.7326
0.7326
0.7326
0.7326
0.7326
0.7326
0.7326
0.7326
0.7326
0.7326
0.7326
0.7326
0.7326
0.7326
0.7326
0.7326
0.7326
0.7326
0.7326
0.7326
0.7326
0.7326
0.7326
0.7326
0.7326
0.7326
0.7326
0.7326
0.7326
0.7326
0.7326
0.7326
0.7326
0.7326
0.7326
0.7326
0.7326
0.7326
0.7326
0.7326
0.7326
0.7326
0.7326
0.7326
0.7326
0.7326
0.7326
0.7326
0.7326
0.7326
0.7326
0.7326
0.7326
0.7326
0.7326
0.7326
0.7326
0.7326
0.7326
0.7326
0.7326
0.7326
0.7326
)
;

boundaryField
{
    empty
    {
        type            empty;
    }
    right
    {
        type            zeroGradient;
    }
    top
    {
        type            zeroGradient;
    }
    left
    {
        type            zeroGradient;
    }
    bottom
    {
        type            zeroGradient;
    }
}


// ************************************************************************* //
