/*--------------------------------*- C++ -*----------------------------------*\
  =========                 |
  \\      /  F ield         | OpenFOAM: The Open Source CFD Toolbox
   \\    /   O peration     | Website:  https://openfoam.org
    \\  /    A nd           | Version:  8
     \\/     M anipulation  |
\*---------------------------------------------------------------------------*/
FoamFile
{
    version     2.0;
    format      ascii;
    class       volScalarField;
    location    "0";
    object      NH3;
}
// * * * * * * * * * * * * * * * * * * * * * * * * * * * * * * * * * * * * * //

dimensions      [0 0 0 0 0 0 0];

internalField   nonuniform List<scalar> 
3000
(
0.0253
0.0253
0.0253
0.0253
0.0253
0.0253
0.0253
0.0253
0.0253
0.0253
0.0257261
0.0259
0.0260739
0.0262478
0.0264217
0.0265917
0.0267583
0.0269261
0.0271
0.0272739
0.0274417
0.0276083
0.027775
0.0279417
0.0281087
0.0282826
0.0284565
0.0285938
0.0287188
0.028856
0.029016
0.029176
0.0293417
0.0295083
0.0296562
0.0297812
0.029908
0.030068
0.030228
0.0303917
0.0305583
0.030718
0.030838
0.030958
0.031104
0.031264
0.031418
0.031538
0.031658
0.031778
0.031898
0.032024
0.032184
0.032344
0.032478
0.032598
0.0327173
0.0328327
0.0329481
0.033066
0.033186
0.0333058
0.0334212
0.0335365
0.0336519
0.0337673
0.0338827
0.0339981
0.0341135
0.0342288
0.0343442
0.0344596
0.034575
0.0346904
0.0348058
0.0349212
0.0350365
0.03515
0.0352611
0.0353722
0.0354556
0.0355296
0.0356056
0.0357167
0.0358278
0.0359389
0.03605
0.0361611
0.0362433
0.03631
0.0363767
0.0364975
0.0366475
0.0367433
0.03681
0.0368767
0.036965
0.037065
0.037165
0.0372433
0.03731
0.0373767
0.037465
0.037565
0.037665
0.0377433
0.03781
0.0378767
0.0379433
0.03801
0.0380767
0.038165
0.038265
0.038365
0.038465
0.038565
0.0386433
0.03871
0.0387767
0.0388325
0.0388825
0.0389325
0.0389825
0.0390433
0.03911
0.0391767
0.0392433
0.03931
0.0393767
0.0394433
0.03951
0.0395767
0.0396433
0.03971
0.0397767
0.0398325
0.0398825
0.0399325
0.0399825
0.0400433
0.04011
0.0401767
0.0402433
0.04031
0.0403767
0.0404163
0.0404412
0.0404663
0.0404912
0.0405433
0.04061
0.0406767
0.0407325
0.0407825
0.0408325
0.0408825
0.0409325
0.0409825
0.0410325
0.0410825
0.0411163
0.0411412
0.0411663
0.0411912
0.0412325
0.0412825
0.0413325
0.0413825
0.0414325
0.0414825
0.0415325
0.0415825
0.0416163
0.0416412
0.0416663
0.0416912
0.0417325
0.0417825
0.0418325
0.0418825
0.041913
0.041933
0.041953
0.041973
0.041993
0.0420325
0.0420825
0.0421325
0.0421825
0.042213
0.042233
0.042253
0.042273
0.042293
0.042326
0.042366
0.042406
0.042446
0.042486
0.042513
0.042533
0.042553
0.042573
0.042593
0.0426217
0.042655
0.0426883
0.0427217
0.042755
0.0427883
0.042813
0.042833
0.042853
0.042873
0.042893
0.0429108
0.0429275
0.0429442
0.0429608
0.0429775
0.0429942
0.0430186
0.0430471
0.0430757
0.0431043
0.0431329
0.0431614
0.04319
0.0432093
0.0432236
0.0432379
0.0432521
0.0432664
0.0432807
0.043295
0.0433093
0.0433236
0.0433379
0.0433521
0.0433664
0.0433807
0.043395
0.0434081
0.0434206
0.0434331
0.0434456
0.0434581
0.0434706
0.0434831
0.0434956
0.0435144
0.0435367
0.0435589
0.0435811
0.0436033
0.0436256
0.0436478
0.04367
0.0436922
0.0437072
0.0437183
0.0437294
0.0437406
0.0437517
0.0437628
0.0437739
0.043785
0.0437961
0.0438054
0.0438137
0.0438221
0.0438304
0.0438388
0.0438471
0.0438554
0.0438637
0.0438721
0.0438804
0.0438888
0.0438971
0.043905
0.0439127
0.0439204
0.0439281
0.0439358
0.0439435
0.0439512
0.0439588
0.0439665
0.0439742
0.0439819
0.0439896
0.0439973
0.0440036
0.0440092
0.0440147
0.0440203
0.0440258
0.0440314
0.0440369
0.0440425
0.0440481
0.0440536
0.0440592
0.0440647
0.0440703
0.0440758
0.0440814
0.0440869
0.0440925
0.0440981
0.0441025
0.0441063
0.0441102
0.044114
0.0441179
0.0441217
0.0441256
0.0441294
0.0441333
0.0441371
0.044141
0.0441448
0.0441487
0.0441525
0.0441563
0.0441602
0.044164
0.0441679
0.0441717
0.0441756
0.0441794
0.0441833
0.0441871
0.044191
0.0441948
0.0441987
0.0442015
0.0442038
0.0442062
0.0442085
0.0442108
0.0442131
0.0442155
0.0442178
0.0442201
0.0442224
0.0442248
0.0442271
0.0442294
0.0442317
0.0442341
0.0442364
0.0442387
0.044241
0.0442434
0.0442457
0.044248
0.0442503
0.0442527
0.044255
0.0442573
0.0442597
0.044262
0.0442643
0.0442666
0.044269
0.0442713
0.0442736
0.0442759
0.0442783
0.0442806
0.0442829
0.0442852
0.0442876
0.0442899
0.0442922
0.0442945
0.0442969
0.0442992
0.0443009
0.0443023
0.0443037
0.0443051
0.0443065
0.044308
0.0443094
0.0443108
0.0443122
0.0443136
0.044315
0.0443164
0.0443178
0.0443192
0.0443206
0.044322
0.0443235
0.0443249
0.0443263
0.0443277
0.0443291
0.0443305
0.0443319
0.0443333
0.0443347
0.0443361
0.0443375
0.0443389
0.0443404
0.0443418
0.0443432
0.0443446
0.044346
0.0443474
0.0443488
0.0443502
0.0443516
0.044353
0.0443544
0.0443558
0.0443573
0.0443587
0.0443601
0.0443615
0.0443629
0.0443643
0.0443657
0.0443671
0.0443685
0.0443699
0.0443713
0.0443727
0.0443742
0.0443756
0.044377
0.0443784
0.0443798
0.0443812
0.0443826
0.044384
0.0443854
0.0443868
0.0443882
0.0443896
0.0443911
0.0443925
0.0443939
0.0443953
0.0443967
0.0443981
0.0443995
0.0444
0.0444
0.0444
0.0444
0.0444
0.0444
0.0444
0.0444
0.0444
0.0444
0.0444
0.0444
0.0444
0.0444
0.0444
0.0444
0.0444
0.0444
0.0444
0.0444
0.0444
0.0444
0.0444
0.0444
0.0444
0.0444
0.0444
0.0444
0.0444
0.0444
0.0444
0.0444
0.0444
0.0444
0.0444
0.0444
0.0444
0.0444
0.0444
0.0444
0.0444
0.0444
0.0444
0.0444
0.0444
0.0444
0.0444
0.0444
0.0444
0.0444
0.0444
0.0444
0.0444
0.0444
0.0444
0.0444
0.0444
0.0444
0.0444
0.0444
0.0444
0.0444
0.0444
0.0444
0.0444
0.0444
0.0444
0.0444
0.0444
0.0444
0.0444
0.0444
0.0444
0.0444
0.0444
0.0444
0.0444
0.0444
0.0444
0.0444
0.0444
0.0444
0.0444
0.0444
0.0444
0.0444
0.0444
0.0444
0.0444
0.0444
0.0444
0.0444
0.0444
0.0444
0.0444
0.0444
0.0444
0.0444
0.0444
0.0444
0.0444
0.0444
0.0444
0.0444
0.0444
0.0444
0.0444
0.0444
0.0444
0.0444
0.0444
0.0444
0.0444
0.0444
0.0444
0.0444
0.0444
0.0444
0.0444
0.0444
0.0444
0.0444
0.0444
0.0444
0.0444
0.0444
0.0444
0.0444
0.0444
0.0444
0.0444
0.0444
0.0444
0.0444
0.0444
0.0444
0.0444
0.0444
0.0444
0.0444
0.0444
0.0444
0.0444
0.0444
0.0444
0.0444
0.0444
0.0444
0.0444
0.0444
0.0444
0.0444
0.0444
0.0444
0.0444
0.0444
0.0444
0.0444
0.0444
0.0444
0.0444
0.0444
0.0444
0.0444
0.0444
0.0444
0.0444
0.0444
0.0444
0.0444
0.0444
0.0444
0.0444
0.0444
0.0444
0.0444
0.0444
0.0444
0.0444
0.0444
0.0444
0.0444
0.0444
0.0444
0.0444
0.0444
0.0444
0.0444
0.0444
0.0444
0.0444
0.0444
0.0444
0.0444
0.0444
0.0444
0.0444
0.0444
0.0444
0.0444
0.0444
0.0444
0.0444
0.0444
0.0444
0.0444
0.0444
0.0444
0.0444
0.0444
0.0444
0.0444
0.0444
0.0444
0.0444
0.0444
0.0444
0.0444
0.0444
0.0444
0.0444
0.0444
0.0444
0.0444
0.0444
0.0444
0.0444
0.0444
0.0444
0.0444
0.0444
0.0444
0.0444
0.0444
0.0444
0.0444
0.0444
0.0444
0.0444
0.0444
0.0444
0.0444
0.0444
0.0444
0.0444
0.0444
0.0444
0.0444
0.0444
0.0444
0.0444
0.0444
0.0444
0.0444
0.0444
0.0444
0.0444
0.0444
0.0444
0.0444
0.0444
0.0444
0.0444
0.0444
0.0444
0.0444
0.0444
0.0444
0.0444
0.0444
0.0444
0.0444
0.0444
0.0444
0.0444
0.0444
0.0444
0.0444
0.0444
0.0444
0.0444
0.0444
0.0444
0.0444
0.0444
0.0444
0.0444
0.0444
0.0444
0.0444
0.0444
0.0444
0.0444
0.0444
0.0444
0.0444
0.0444
0.0444
0.0444
0.0444
0.0444
0.0444
0.0444
0.0444
0.0444
0.0444
0.0444
0.0444
0.0444
0.0444
0.0444
0.0444
0.0444
0.0444
0.0444
0.0444
0.0444
0.0444
0.0444
0.0444
0.0444
0.0444
0.0444
0.0444
0.0444
0.0444
0.0444
0.0444
0.0444
0.0444
0.0444
0.0444
0.0444
0.0444
0.0444
0.0444
0.0444
0.0444
0.0444
0.0444
0.0444
0.0444
0.0444
0.0444
0.0444
0.0444
0.0444
0.0444
0.0444
0.0444
0.0444
0.0444
0.0444
0.0444
0.0444
0.0444
0.0444
0.0444
0.0444
0.0444
0.0444
0.0444
0.0444
0.0444
0.0444
0.0444
0.0444
0.0444
0.0444
0.0444
0.0444
0.0444
0.0444
0.0444
0.0444
0.0444
0.0444
0.0444
0.0444
0.0444
0.0444
0.0444
0.0444
0.0444
0.0444
0.0444
0.0444
0.0444
0.0444
0.0444
0.0444
0.0444
0.0444
0.0444
0.0444
0.0444
0.0444
0.0444
0.0444
0.0444
0.0444
0.0444
0.0444
0.0444
0.0444
0.0444
0.0444
0.0444
0.0444
0.0444
0.0444
0.0444
0.0444
0.0444
0.0444
0.0444
0.0444
0.0444
0.0444
0.0444
0.0444
0.0444
0.0444
0.0444
0.0444
0.0444
0.0444
0.0444
0.0444
0.0444
0.0444
0.0444
0.0444
0.0444
0.0444
0.0444
0.0444
0.0444
0.0444
0.0444
0.0444
0.0444
0.0444
0.0444
0.0444
0.0444
0.0444
0.0444
0.0444
0.0444
0.0444
0.0444
0.0444
0.0444
0.0444
0.0444
0.0444
0.0444
0.0444
0.0444
0.0444
0.0444
0.0444
0.0444
0.0444
0.0444
0.0444
0.0444
0.0444
0.0444
0.0444
0.0444
0.0444
0.0444
0.0444
0.0444
0.0444
0.0444
0.0444
0.0444
0.0444
0.0444
0.0444
0.0444
0.0444
0.0444
0.0444
0.0444
0.0444
0.0444
0.0444
0.0444
0.0444
0.0444
0.0444
0.0444
0.0444
0.0444
0.0444
0.0444
0.0444
0.0444
0.0444
0.0444
0.0444
0.0444
0.0444
0.0444
0.0444
0.0444
0.0444
0.0444
0.0444
0.0444
0.0444
0.0444
0.0444
0.0444
0.0444
0.0444
0.0444
0.0444
0.0444
0.0444
0.0444
0.0444
0.0444
0.0444
0.0444
0.0444
0.0444
0.0444
0.0444
0.0444
0.0444
0.0444
0.0444
0.0444
0.0444
0.0444
0.0444
0.0444
0.0444
0.0444
0.0444
0.0444
0.0444
0.0444
0.0444
0.0444
0.0444
0.0444
0.0444
0.0444
0.0444
0.0444
0.0444
0.0444
0.0444
0.0444
0.0444
0.0444
0.0444
0.0444
0.0444
0.0444
0.0444
0.0444
0.0444
0.0444
0.0444
0.0444
0.0444
0.0444
0.0444
0.0444
0.0444
0.0444
0.0444
0.0444
0.0444
0.0444
0.0444
0.0444
0.0444
0.0444
0.0444
0.0444
0.0444
0.0444
0.0444
0.0444
0.0444
0.0444
0.0444
0.0444
0.0444
0.0444
0.0444
0.0444
0.0444
0.0444
0.0444
0.0444
0.0444
0.0444
0.0444
0.0444
0.0444
0.0444
0.0444
0.0444
0.0444
0.0444
0.0444
0.0444
0.0444
0.0444
0.0444
0.0444
0.0444
0.0444
0.0444
0.0444
0.0444
0.0444
0.0444
0.0444
0.0444
0.0444
0.0444
0.0444
0.0444
0.0444
0.0444
0.0444
0.0444
0.0444
0.0444
0.0444
0.0444
0.0444
0.0444
0.0444
0.0444
0.0444
0.0444
0.0444
0.0444
0.0444
0.0444
0.0444
0.0444
0.0444
0.0444
0.0444
0.0444
0.0444
0.0444
0.0444
0.0444
0.0444
0.0444
0.0444
0.0444
0.0444
0.0444
0.0444
0.0444
0.0444
0.0444
0.0444
0.0444
0.0444
0.0444
0.0444
0.0444
0.0444
0.0444
0.0444
0.0444
0.0444
0.0444
0.0444
0.0444
0.0444
0.0444
0.0444
0.0444
0.0444
0.0444
0.0444
0.0444
0.0444
0.0444
0.0444
0.0444
0.0444
0.0444
0.0444
0.0444
0.0444
0.0444
0.0444
0.0444
0.0444
0.0444
0.0444
0.0444
0.0444
0.0444
0.0444
0.0444
0.0444
0.0444
0.0444
0.0444
0.0444
0.0444
0.0444
0.0444
0.0444
0.0444
0.0444
0.0444
0.0444
0.0444
0.0444
0.0444
0.0444
0.0444
0.0444
0.0444
0.0444
0.0444
0.0444
0.0444
0.0444
0.0444
0.0444
0.0444
0.0444
0.0444
0.0444
0.0444
0.0444
0.0444
0.0444
0.0444
0.0444
0.0444
0.0444
0.0444
0.0444
0.0444
0.0444
0.0444
0.0444
0.0444
0.0444
0.0444
0.0444
0.0444
0.0444
0.0444
0.0444
0.0444
0.0444
0.0444
0.0444
0.0444
0.0444
0.0444
0.0444
0.0444
0.0444
0.0444
0.0444
0.0444
0.0444
0.0444
0.0444
0.0444
0.0444
0.0444
0.0444
0.0444
0.0444
0.0444
0.0444
0.0444
0.0444
0.0444
0.0444
0.0444
0.0444
0.0444
0.0444
0.0444
0.0444
0.0444
0.0444
0.0444
0.0444
0.0444
0.0444
0.0444
0.0444
0.0444
0.0444
0.0444
0.0444
0.0444
0.0444
0.0444
0.0444
0.0444
0.0444
0.0444
0.0444
0.0444
0.0444
0.0444
0.0444
0.0444
0.0444
0.0444
0.0444
0.0444
0.0444
0.0444
0.0444
0.0444
0.0444
0.0444
0.0444
0.0444
0.0444
0.0444
0.0444
0.0444
0.0444
0.0444
0.0444
0.0444
0.0444
0.0444
0.0444
0.0444
0.0444
0.0444
0.0444
0.0444
0.0444
0.0444
0.0444
0.0444
0.0444
0.0444
0.0444
0.0444
0.0444
0.0444
0.0444
0.0444
0.0444
0.0444
0.0444
0.0444
0.0444
0.0444
0.0444
0.0444
0.0444
0.0444
0.0444
0.0444
0.0444
0.0444
0.0444
0.0444
0.0444
0.0444
0.0444
0.0444
0.0444
0.0444
0.0444
0.0444
0.0444
0.0444
0.0444
0.0444
0.0444
0.0444
0.0444
0.0444
0.0444
0.0444
0.0444
0.0444
0.0444
0.0444
0.0444
0.0444
0.0444
0.0444
0.0444
0.0444
0.0444
0.0444
0.0444
0.0444
0.0444
0.0444
0.0444
0.0444
0.0444
0.0444
0.0444
0.0444
0.0444
0.0444
0.0444
0.0444
0.0444
0.0444
0.0444
0.0444
0.0444
0.0444
0.0444
0.0444
0.0444
0.0444
0.0444
0.0444
0.0444
0.0444
0.0444
0.0444
0.0444
0.0444
0.0444
0.0444
0.0444
0.0444
0.0444
0.0444
0.0444
0.0444
0.0444
0.0444
0.0444
0.0444
0.0444
0.0444
0.0444
0.0444
0.0444
0.0444
0.0444
0.0444
0.0444
0.0444
0.0444
0.0444
0.0444
0.0444
0.0444
0.0444
0.0444
0.0444
0.0444
0.0444
0.0444
0.0444
0.0444
0.0444
0.0444
0.0444
0.0444
0.0444
0.0444
0.0444
0.0444
0.0444
0.0444
0.0444
0.0444
0.0444
0.0444
0.0444
0.0444
0.0444
0.0444
0.0444
0.0444
0.0444
0.0444
0.0444
0.0444
0.0444
0.0444
0.0444
0.0444
0.0444
0.0444
0.0444
0.0444
0.0444
0.0444
0.0444
0.0444
0.0444
0.0444
0.0444
0.0444
0.0444
0.0444
0.0444
0.0444
0.0444
0.0444
0.0444
0.0444
0.0444
0.0444
0.0444
0.0444
0.0444
0.0444
0.0444
0.0444
0.0444
0.0444
0.0444
0.0444
0.0444
0.0444
0.0444
0.0444
0.0444
0.0444
0.0444
0.0444
0.0444
0.0444
0.0444
0.0444
0.0444
0.0444
0.0444
0.0444
0.0444
0.0444
0.0444
0.0444
0.0444
0.0444
0.0444
0.0444
0.0444
0.0444
0.0444
0.0444
0.0444
0.0444
0.0444
0.0444
0.0444
0.0444
0.0444
0.0444
0.0444
0.0444
0.0444
0.0444
0.0444
0.0444
0.0444
0.0444
0.0444
0.0444
0.0444
0.0444
0.0444
0.0444
0.0444
0.0444
0.0444
0.0444
0.0444
0.0444
0.0444
0.0444
0.0444
0.0444
0.0444
0.0444
0.0444
0.0444
0.0444
0.0444
0.0444
0.0444
0.0444
0.0444
0.0444
0.0444
0.0444
0.0444
0.0444
0.0444
0.0444
0.0444
0.0444
0.0444
0.0444
0.0444
0.0444
0.0444
0.0444
0.0444
0.0444
0.0444
0.0444
0.0444
0.0444
0.0444
0.0444
0.0444
0.0444
0.0444
0.0444
0.0444
0.0444
0.0444
0.0444
0.0444
0.0444
0.0444
0.0444
0.0444
0.0444
0.0444
0.0444
0.0444
0.0444
0.0444
0.0444
0.0444
0.0444
0.0444
0.0444
0.0444
0.0444
0.0444
0.0444
0.0444
0.0444
0.0444
0.0444
0.0444
0.0444
0.0444
0.0444
0.0444
0.0444
0.0444
0.0444
0.0444
0.0444
0.0444
0.0444
0.0444
0.0444
0.0444
0.0444
0.0444
0.0444
0.0444
0.0444
0.0444
0.0444
0.0444
0.0444
0.0444
0.0444
0.0444
0.0444
0.0444
0.0444
0.0444
0.0444
0.0444
0.0444
0.0444
0.0444
0.0444
0.0444
0.0444
0.0444
0.0444
0.0444
0.0444
0.0444
0.0444
0.0444
0.0444
0.0444
0.0444
0.0444
0.0444
0.0444
0.0444
0.0444
0.0444
0.0444
0.0444
0.0444
0.0444
0.0444
0.0444
0.0444
0.0444
0.0444
0.0444
0.0444
0.0444
0.0444
0.0444
0.0444
0.0444
0.0444
0.0444
0.0444
0.0444
0.0444
0.0444
0.0444
0.0444
0.0444
0.0444
0.0444
0.0444
0.0444
0.0444
0.0444
0.0444
0.0444
0.0444
0.0444
0.0444
0.0444
0.0444
0.0444
0.0444
0.0444
0.0444
0.0444
0.0444
0.0444
0.0444
0.0444
0.0444
0.0444
0.0444
0.0444
0.0444
0.0444
0.0444
0.0444
0.0444
0.0444
0.0444
0.0444
0.0444
0.0444
0.0444
0.0444
0.0444
0.0444
0.0444
0.0444
0.0444
0.0444
0.0444
0.0444
0.0444
0.0444
0.0444
0.0444
0.0444
0.0444
0.0444
0.0444
0.0444
0.0444
0.0444
0.0444
0.0444
0.0444
0.0444
0.0444
0.0444
0.0444
0.0444
0.0444
0.0444
0.0444
0.0444
0.0444
0.0444
0.0444
0.0444
0.0444
0.0444
0.0444
0.0444
0.0444
0.0444
0.0444
0.0444
0.0444
0.0444
0.0444
0.0444
0.0444
0.0444
0.0444
0.0444
0.0444
0.0444
0.0444
0.0444
0.0444
0.0444
0.0444
0.0444
0.0444
0.0444
0.0444
0.0444
0.0444
0.0444
0.0444
0.0444
0.0444
0.0444
0.0444
0.0444
0.0444
0.0444
0.0444
0.0444
0.0444
0.0444
0.0444
0.0444
0.0444
0.0444
0.0444
0.0444
0.0444
0.0444
0.0444
0.0444
0.0444
0.0444
0.0444
0.0444
0.0444
0.0444
0.0444
0.0444
0.0444
0.0444
0.0444
0.0444
0.0444
0.0444
0.0444
0.0444
0.0444
0.0444
0.0444
0.0444
0.0444
0.0444
0.0444
0.0444
0.0444
0.0444
0.0444
0.0444
0.0444
0.0444
0.0444
0.0444
0.0444
0.0444
0.0444
0.0444
0.0444
0.0444
0.0444
0.0444
0.0444
0.0444
0.0444
0.0444
0.0444
0.0444
0.0444
0.0444
0.0444
0.0444
0.0444
0.0444
0.0444
0.0444
0.0444
0.0444
0.0444
0.0444
0.0444
0.0444
0.0444
0.0444
0.0444
0.0444
0.0444
0.0444
0.0444
0.0444
0.0444
0.0444
0.0444
0.0444
0.0444
0.0444
0.0444
0.0444
0.0444
0.0444
0.0444
0.0444
0.0444
0.0444
0.0444
0.0444
0.0444
0.0444
0.0444
0.0444
0.0444
0.0444
0.0444
0.0444
0.0444
0.0444
0.0444
0.0444
0.0444
0.0444
0.0444
0.0444
0.0444
0.0444
0.0444
0.0444
0.0444
0.0444
0.0444
0.0444
0.0444
0.0444
0.0444
0.0444
0.0444
0.0444
0.0444
0.0444
0.0444
0.0444
0.0444
0.0444
0.0444
0.0444
0.0444
0.0444
0.0444
0.0444
0.0444
0.0444
0.0444
0.0444
0.0444
0.0444
0.0444
0.0444
0.0444
0.0444
0.0444
0.0444
0.0444
0.0444
0.0444
0.0444
0.0444
0.0444
0.0444
0.0444
0.0444
0.0444
0.0444
0.0444
0.0444
0.0444
0.0444
0.0444
0.0444
0.0444
0.0444
0.0444
0.0444
0.0444
0.0444
0.0444
0.0444
0.0444
0.0444
0.0444
0.0444
0.0444
0.0444
0.0444
0.0444
0.0444
0.0444
0.0444
0.0444
0.0444
0.0444
0.0444
0.0444
0.0444
0.0444
0.0444
0.0444
0.0444
0.0444
0.0444
0.0444
0.0444
0.0444
0.0444
0.0444
0.0444
0.0444
0.0444
0.0444
0.0444
0.0444
0.0444
0.0444
0.0444
0.0444
0.0444
0.0444
0.0444
0.0444
0.0444
0.0444
0.0444
0.0444
0.0444
0.0444
0.0444
0.0444
0.0444
0.0444
0.0444
0.0444
0.0444
0.0444
0.0444
0.0444
0.0444
0.0444
0.0444
0.0444
0.0444
0.0444
0.0444
0.0444
0.0444
0.0444
0.0444
0.0444
0.0444
0.0444
0.0444
0.0444
0.0444
0.0444
0.0444
0.0444
0.0444
0.0444
0.0444
0.0444
0.0444
0.0444
0.0444
0.0444
0.0444
0.0444
0.0444
0.0444
0.0444
0.0444
0.0444
0.0444
0.0444
0.0444
0.0444
0.0444
0.0444
0.0444
0.0444
0.0444
0.0444
0.0444
0.0444
0.0444
0.0444
0.0444
0.0444
0.0444
0.0444
0.0444
0.0444
0.0444
0.0444
0.0444
0.0444
0.0444
0.0444
0.0444
0.0444
0.0444
0.0444
0.0444
0.0444
0.0444
0.0444
0.0444
0.0444
0.0444
0.0444
0.0444
0.0444
0.0444
0.0444
0.0444
0.0444
0.0444
0.0444
0.0444
0.0444
0.0444
0.0444
0.0444
0.0444
0.0444
0.0444
0.0444
0.0444
0.0444
0.0444
0.0444
0.0444
0.0444
0.0444
0.0444
0.0444
0.0444
0.0444
0.0444
0.0444
0.0444
0.0444
0.0444
0.0444
0.0444
0.0444
0.0444
0.0444
0.0444
0.0444
0.0444
0.0444
0.0444
0.0444
0.0444
0.0444
0.0444
0.0444
0.0444
0.0444
0.0444
0.0444
0.0444
0.0444
0.0444
0.0444
0.0444
0.0444
0.0444
0.0444
0.0444
0.0444
0.0444
0.0444
0.0444
0.0444
0.0444
0.0444
0.0444
0.0444
0.0444
0.0444
0.0444
0.0444
0.0444
0.0444
0.0444
0.0444
0.0444
0.0444
0.0444
0.0444
0.0444
0.0444
0.0444
0.0444
0.0444
0.0444
0.0444
0.0444
0.0444
0.0444
0.0444
0.0444
0.0444
0.0444
0.0444
0.0444
0.0444
0.0444
0.0444
0.0444
0.0444
0.0444
0.0444
0.0444
0.0444
0.0444
0.0444
0.0444
0.0444
0.0444
0.0444
0.0444
0.0444
0.0444
0.0444
0.0444
0.0444
0.0444
0.0444
0.0444
0.0444
0.0444
0.0444
0.0444
0.0444
0.0444
0.0444
0.0444
0.0444
0.0444
0.0444
0.0444
0.0444
0.0444
0.0444
0.0444
0.0444
0.0444
0.0444
0.0444
0.0444
0.0444
0.0444
0.0444
0.0444
0.0444
0.0444
0.0444
0.0444
0.0444
0.0444
0.0444
0.0444
0.0444
0.0444
0.0444
0.0444
0.0444
0.0444
0.0444
0.0444
0.0444
0.0444
0.0444
0.0444
0.0444
0.0444
0.0444
0.0444
0.0444
0.0444
0.0444
0.0444
0.0444
0.0444
0.0444
0.0444
0.0444
0.0444
0.0444
0.0444
0.0444
0.0444
0.0444
0.0444
0.0444
0.0444
0.0444
0.0444
0.0444
0.0444
0.0444
0.0444
0.0444
0.0444
0.0444
0.0444
0.0444
0.0444
0.0444
0.0444
0.0444
0.0444
0.0444
0.0444
0.0444
0.0444
0.0444
0.0444
0.0444
0.0444
0.0444
0.0444
0.0444
0.0444
0.0444
0.0444
0.0444
0.0444
0.0444
0.0444
0.0444
0.0444
0.0444
0.0444
0.0444
0.0444
0.0444
0.0444
0.0444
0.0444
0.0444
0.0444
0.0444
0.0444
0.0444
0.0444
0.0444
0.0444
0.0444
0.0444
0.0444
0.0444
0.0444
0.0444
0.0444
0.0444
0.0444
0.0444
0.0444
0.0444
0.0444
0.0444
0.0444
0.0444
0.0444
0.0444
0.0444
0.0444
0.0444
0.0444
0.0444
0.0444
0.0444
0.0444
0.0444
0.0444
0.0444
0.0444
0.0444
0.0444
0.0444
0.0444
0.0444
0.0444
0.0444
0.0444
0.0444
0.0444
0.0444
0.0444
0.0444
0.0444
0.0444
0.0444
0.0444
0.0444
0.0444
0.0444
0.0444
0.0444
0.0444
0.0444
0.0444
0.0444
0.0444
0.0444
0.0444
0.0444
0.0444
0.0444
0.0444
0.0444
0.0444
0.0444
0.0444
0.0444
0.0444
0.0444
0.0444
0.0444
0.0444
0.0444
0.0444
0.0444
0.0444
0.0444
0.0444
0.0444
0.0444
0.0444
0.0444
0.0444
0.0444
0.0444
0.0444
0.0444
0.0444
0.0444
0.0444
0.0444
0.0444
0.0444
0.0444
0.0444
0.0444
0.0444
0.0444
0.0444
0.0444
0.0444
0.0444
0.0444
0.0444
0.0444
0.0444
0.0444
0.0444
0.0444
0.0444
0.0444
0.0444
0.0444
0.0444
0.0444
0.0444
0.0444
0.0444
0.0444
0.0444
0.0444
0.0444
0.0444
0.0444
0.0444
0.0444
0.0444
0.0444
0.0444
0.0444
0.0444
0.0444
0.0444
0.0444
0.0444
0.0444
0.0444
0.0444
0.0444
0.0444
0.0444
0.0444
0.0444
0.0444
0.0444
0.0444
0.0444
0.0444
0.0444
0.0444
0.0444
0.0444
0.0444
0.0444
0.0444
0.0444
0.0444
0.0444
0.0444
0.0444
0.0444
0.0444
0.0444
0.0444
0.0444
0.0444
0.0444
0.0444
0.0444
0.0444
0.0444
0.0444
0.0444
0.0444
0.0444
0.0444
0.0444
0.0444
0.0444
0.0444
0.0444
0.0444
0.0444
0.0444
0.0444
0.0444
0.0444
0.0444
0.0444
0.0444
0.0444
0.0444
0.0444
0.0444
0.0444
0.0444
0.0444
0.0444
0.0444
0.0444
0.0444
0.0444
0.0444
0.0444
0.0444
0.0444
0.0444
0.0444
0.0444
0.0444
0.0444
0.0444
0.0444
0.0444
0.0444
0.0444
0.0444
0.0444
0.0444
0.0444
0.0444
0.0444
0.0444
0.0444
0.0444
0.0444
0.0444
0.0444
0.0444
0.0444
0.0444
0.0444
0.0444
0.0444
0.0444
0.0444
0.0444
0.0444
0.0444
0.0444
0.0444
0.0444
0.0444
0.0444
0.0444
0.0444
0.0444
0.0444
0.0444
0.0444
0.0444
0.0444
0.0444
0.0444
0.0444
0.0444
0.0444
0.0444
0.0444
0.0444
0.0444
0.0444
0.0444
0.0444
0.0444
0.0444
0.0444
0.0444
0.0444
0.0444
0.0444
0.0444
0.0444
0.0444
0.0444
0.0444
0.0444
0.0444
0.0444
0.0444
0.0444
0.0444
0.0444
0.0444
0.0444
0.0444
0.0444
0.0444
0.0444
0.0444
0.0444
0.0444
0.0444
0.0444
0.0444
0.0444
0.0444
0.0444
0.0444
0.0444
0.0444
0.0444
0.0444
0.0444
0.0444
0.0444
0.0444
0.0444
0.0444
0.0444
0.0444
0.0444
0.0444
0.0444
0.0444
0.0444
0.0444
0.0444
0.0444
0.0444
0.0444
0.0444
0.0444
0.0444
0.0444
0.0444
0.0444
0.0444
0.0444
0.0444
0.0444
0.0444
0.0444
0.0444
0.0444
0.0444
0.0444
0.0444
0.0444
0.0444
0.0444
0.0444
0.0444
0.0444
0.0444
0.0444
0.0444
0.0444
0.0444
0.0444
0.0444
0.0444
0.0444
0.0444
0.0444
0.0444
0.0444
0.0444
0.0444
0.0444
0.0444
0.0444
0.0444
0.0444
0.0444
0.0444
0.0444
0.0444
0.0444
0.0444
0.0444
0.0444
0.0444
0.0444
0.0444
0.0444
0.0444
0.0444
0.0444
0.0444
0.0444
0.0444
0.0444
0.0444
0.0444
0.0444
0.0444
0.0444
0.0444
0.0444
0.0444
0.0444
0.0444
0.0444
0.0444
0.0444
0.0444
0.0444
0.0444
0.0444
0.0444
0.0444
0.0444
0.0444
0.0444
0.0444
0.0444
0.0444
0.0444
0.0444
0.0444
0.0444
0.0444
0.0444
0.0444
0.0444
0.0444
0.0444
0.0444
0.0444
0.0444
0.0444
0.0444
0.0444
0.0444
0.0444
0.0444
0.0444
0.0444
0.0444
0.0444
0.0444
0.0444
0.0444
0.0444
0.0444
0.0444
0.0444
0.0444
0.0444
0.0444
0.0444
0.0444
0.0444
0.0444
0.0444
0.0444
0.0444
0.0444
0.0444
0.0444
0.0444
0.0444
0.0444
0.0444
0.0444
0.0444
0.0444
0.0444
0.0444
0.0444
0.0444
0.0444
0.0444
0.0444
0.0444
0.0444
0.0444
0.0444
0.0444
0.0444
0.0444
0.0444
0.0444
0.0444
0.0444
0.0444
0.0444
0.0444
0.0444
0.0444
0.0444
0.0444
0.0444
0.0444
0.0444
0.0444
0.0444
0.0444
0.0444
0.0444
0.0444
0.0444
0.0444
0.0444
0.0444
0.0444
0.0444
0.0444
0.0444
0.0444
0.0444
0.0444
0.0444
0.0444
0.0444
0.0444
0.0444
0.0444
0.0444
0.0444
0.0444
0.0444
0.0444
0.0444
0.0444
0.0444
0.0444
0.0444
0.0444
0.0444
0.0444
0.0444
0.0444
0.0444
0.0444
0.0444
0.0444
0.0444
0.0444
0.0444
0.0444
0.0444
0.0444
0.0444
0.0444
0.0444
0.0444
0.0444
0.0444
0.0444
0.0444
0.0444
0.0444
0.0444
0.0444
0.0444
0.0444
0.0444
0.0444
0.0444
0.0444
0.0444
0.0444
0.0444
0.0444
0.0444
0.0444
0.0444
0.0444
0.0444
0.0444
0.0444
0.0444
0.0444
0.0444
0.0444
0.0444
0.0444
0.0444
0.0444
0.0444
0.0444
0.0444
0.0444
0.0444
0.0444
0.0444
0.0444
0.0444
0.0444
0.0444
0.0444
0.0444
0.0444
0.0444
0.0444
0.0444
0.0444
0.0444
0.0444
0.0444
0.0444
0.0444
0.0444
0.0444
0.0444
0.0444
0.0444
0.0444
0.0444
0.0444
0.0444
0.0444
0.0444
0.0444
0.0444
0.0444
0.0444
0.0444
0.0444
0.0444
0.0444
0.0444
0.0444
0.0444
0.0444
0.0444
0.0444
0.0444
0.0444
0.0444
0.0444
0.0444
0.0444
0.0444
0.0444
0.0444
0.0444
0.0444
0.0444
0.0444
0.0444
0.0444
0.0444
0.0444
0.0444
0.0444
0.0444
0.0444
0.0444
0.0444
0.0444
0.0444
0.0444
)
;

boundaryField
{
    empty
    {
        type            empty;
    }
    right
    {
        type            zeroGradient;
    }
    top
    {
        type            zeroGradient;
    }
    left
    {
        type            zeroGradient;
    }
    bottom
    {
        type            zeroGradient;
    }
}


// ************************************************************************* //
