/*--------------------------------*- C++ -*----------------------------------*\
  =========                 |
  \\      /  F ield         | OpenFOAM: The Open Source CFD Toolbox
   \\    /   O peration     | Website:  https://openfoam.org
    \\  /    A nd           | Version:  8
     \\/     M anipulation  |
\*---------------------------------------------------------------------------*/
FoamFile
{
    version     2.0;
    format      ascii;
    class       volScalarField;
    location    "0";
    object      T;
}
// * * * * * * * * * * * * * * * * * * * * * * * * * * * * * * * * * * * * * //

dimensions      [0 0 0 1 0 0 0];

internalField   nonuniform List<scalar> 
3000
(
500
500
500
500
500
500
500
500
500
500
505.391
508
510.609
513.217
515.826
518.375
520.875
523.326
525.5
527.674
530.125
532.625
535.125
537.625
540.13
542.739
545.348
547.875
550.375
552.84
555.24
557.64
559.771
561.854
564.125
566.625
569.12
571.52
573.92
576.375
578.875
581.36
583.76
586.16
588.3
590.3
592.36
594.76
597.16
599.56
601.96
604.36
606.76
609.16
611.3
613.3
615.346
617.654
619.962
622.32
624.72
627.115
629.423
631.731
633.865
635.788
637.712
639.962
642.269
644.481
646.404
648.327
650.5
652.808
655.096
657.019
658.942
661
663.222
665.444
667.389
669.241
671.111
673.333
675.556
677.648
679.5
681.352
683.3
685.3
687.3
689.625
692.125
694.083
695.75
697.417
699.3
701.3
703.3
705.083
706.75
708.417
710.083
711.75
713.417
715.083
716.75
718.417
720.083
721.75
723.417
725.95
728.95
731.083
732.75
734.417
736.083
737.75
739.417
740.812
742.062
743.312
744.562
746.083
747.75
749.417
751.083
752.75
754.417
756.083
757.75
759.417
760.867
762.2
763.533
764.812
766.062
767.312
768.562
770.083
771.75
773.417
775.083
776.75
778.417
779.812
781.062
782.312
783.562
784.867
786.2
787.533
788.812
790.062
791.312
792.562
793.812
795.062
796.312
797.562
798.65
799.65
800.65
801.65
802.812
804.062
805.312
806.562
807.812
809.062
810.312
811.562
812.65
813.65
814.65
815.65
816.812
818.062
819.312
820.562
821.52
822.32
823.12
823.92
824.72
825.65
826.65
827.65
828.65
829.65
830.65
831.65
832.65
833.65
834.52
835.32
836.12
836.92
837.72
838.52
839.32
840.12
840.92
841.72
842.542
843.375
844.208
845.042
845.875
846.708
847.52
848.32
849.12
849.92
850.72
851.433
852.1
852.767
853.433
854.1
854.767
855.371
855.943
856.514
857.086
857.657
858.229
858.8
859.371
859.943
860.514
861.086
861.657
862.229
862.8
863.371
863.943
864.514
865.086
865.657
866.229
866.8
867.325
867.825
868.325
868.825
869.325
869.825
870.325
870.825
871.289
871.733
872.178
872.622
873.067
873.511
873.956
874.4
874.844
875.217
875.55
875.883
876.217
876.55
876.883
877.217
877.55
877.883
878.217
878.55
878.883
879.217
879.55
879.883
880.217
880.55
880.883
881.217
881.55
881.883
882.2
882.508
882.815
883.123
883.431
883.738
884.046
884.354
884.662
884.969
885.277
885.585
885.892
886.108
886.275
886.442
886.608
886.775
886.942
887.108
887.275
887.442
887.608
887.775
887.942
888.108
888.275
888.442
888.608
888.775
888.942
889.1
889.254
889.408
889.562
889.715
889.869
890.023
890.177
890.331
890.485
890.638
890.792
890.946
891.1
891.254
891.408
891.562
891.715
891.869
892.023
892.177
892.331
892.485
892.638
892.792
892.946
893.06
893.153
893.247
893.34
893.433
893.526
893.619
893.712
893.805
893.898
893.991
894.084
894.177
894.27
894.363
894.456
894.549
894.642
894.735
894.828
894.921
895.014
895.107
895.2
895.293
895.386
895.479
895.572
895.665
895.758
895.851
895.944
896.037
896.13
896.223
896.316
896.409
896.502
896.595
896.688
896.781
896.874
896.967
897.018
897.046
897.075
897.103
897.131
897.159
897.187
897.215
897.244
897.272
897.3
897.328
897.356
897.385
897.413
897.441
897.469
897.497
897.525
897.554
897.582
897.61
897.638
897.666
897.694
897.723
897.751
897.779
897.807
897.835
897.863
897.892
897.92
897.948
897.976
898.004
898.032
898.061
898.089
898.117
898.145
898.173
898.201
898.23
898.258
898.286
898.314
898.342
898.37
898.399
898.427
898.455
898.483
898.511
898.539
898.568
898.596
898.624
898.652
898.68
898.708
898.737
898.765
898.793
898.821
898.849
898.877
898.906
898.934
898.962
898.99
899.006
899.015
899.023
899.032
899.041
899.05
899.059
899.068
899.077
899.085
899.094
899.103
899.112
899.121
899.13
899.138
899.147
899.156
899.165
899.174
899.183
899.192
899.2
899.209
899.218
899.227
899.236
899.245
899.254
899.262
899.271
899.28
899.289
899.298
899.307
899.315
899.324
899.333
899.342
899.351
899.36
899.369
899.377
899.386
899.395
899.404
899.413
899.422
899.431
899.439
899.448
899.457
899.466
899.475
899.484
899.492
899.501
899.51
899.519
899.528
899.537
899.546
899.554
899.563
899.572
899.581
899.59
899.599
899.608
899.616
899.625
899.634
899.643
899.652
899.661
899.669
899.678
899.687
899.696
899.705
899.714
899.723
899.731
899.74
899.749
899.758
899.767
899.776
899.785
899.793
899.802
899.811
899.82
899.829
899.838
899.846
899.855
899.864
899.873
899.882
899.891
899.9
899.908
899.917
899.926
899.935
899.944
899.953
899.962
899.97
899.979
899.988
899.997
900
900
900
900
900
900
900
900
900
900
900
900
900
900
900
900
900
900
900
900
900
900
900
900
900
900
900
900
900
900
900
900
900
900
900
900
900
900
900
900
900
900
900
900
900
900
900
900
900
900
900
900
900
900
900
900
900
900
900
900
900
900
900
900
900
900
900
900
900
900
900
900
900
900
900
900
900
900
900
900
900
900
900
900
900
900
900
900
900
900
900
900
900
900
900
900
900
900
900
900
900
900
900
900
900
900
900
900
900
900
900
900
900
900
900
900
900
900
900
900
900
900
900
900
900
900
900
900
900
900
900
900
900
900
900
900
900
900
900
900
900
900
900
900
900
900
900
900
900
900
900
900
900
900
900
900
900
900
900
900
900
900
900
900
900
900
900
900
900
900
900
900
900
900
900
900
900
900
900
900
900
900
900
900
900
900
900
900
900
900
900
900
900
900
900
900
900
900
900
900
900
900
900
900
900
900
900
900
900
900
900
900
900
900
900
900
900
900
900
900
900
900
900
900
900
900
900
900
900
900
900
900
900
900
900
900
900
900
900
900
900
900
900
900
900
900
900
900
900
900
900
900
900
900
900
900
900
900
900
900
900
900
900
900
900
900
900
900
900
900
900
900
900
900
900
900
900
900
900
900
900
900
900
900
900
900
900
900
900
900
900
900
900
900
900
900
900
900
900
900
900
900
900
900
900
900
900
900
900
900
900
900
900
900
900
900
900
900
900
900
900
900
900
900
900
900
900
900
900
900
900
900
900
900
900
900
900
900
900
900
900
900
900
900
900
900
900
900
900
900
900
900
900
900
900
900
900
900
900
900
900
900
900
900
900
900
900
900
900
900
900
900
900
900
900
900
900
900
900
900
900
900
900
900
900
900
900
900
900
900
900
900
900
900
900
900
900
900
900
900
900
900
900
900
900
900
900
900
900
900
900
900
900
900
900
900
900
900
900
900
900
900
900
900
900
900
900
900
900
900
900
900
900
900
900
900
900
900
900
900
900
900
900
900
900
900
900
900
900
900
900
900
900
900
900
900
900
900
900
900
900
900
900
900
900
900
900
900
900
900
900
900
900
900
900
900
900
900
900
900
900
900
900
900
900
900
900
900
900
900
900
900
900
900
900
900
900
900
900
900
900
900
900
900
900
900
900
900
900
900
900
900
900
900
900
900
900
900
900
900
900
900
900
900
900
900
900
900
900
900
900
900
900
900
900
900
900
900
900
900
900
900
900
900
900
900
900
900
900
900
900
900
900
900
900
900
900
900
900
900
900
900
900
900
900
900
900
900
900
900
900
900
900
900
900
900
900
900
900
900
900
900
900
900
900
900
900
900
900
900
900
900
900
900
900
900
900
900
900
900
900
900
900
900
900
900
900
900
900
900
900
900
900
900
900
900
900
900
900
900
900
900
900
900
900
900
900
900
900
900
900
900
900
900
900
900
900
900
900
900
900
900
900
900
900
900
900
900
900
900
900
900
900
900
900
900
900
900
900
900
900
900
900
900
900
900
900
900
900
900
900
900
900
900
900
900
900
900
900
900
900
900
900
900
900
900
900
900
900
900
900
900
900
900
900
900
900
900
900
900
900
900
900
900
900
900
900
900
900
900
900
900
900
900
900
900
900
900
900
900
900
900
900
900
900
900
900
900
900
900
900
900
900
900
900
900
900
900
900
900
900
900
900
900
900
900
900
900
900
900
900
900
900
900
900
900
900
900
900
900
900
900
900
900
900
900
900
900
900
900
900
900
900
900
900
900
900
900
900
900
900
900
900
900
900
900
900
900
900
900
900
900
900
900
900
900
900
900
900
900
900
900
900
900
900
900
900
900
900
900
900
900
900
900
900
900
900
900
900
900
900
900
900
900
900
900
900
900
900
900
900
900
900
900
900
900
900
900
900
900
900
900
900
900
900
900
900
900
900
900
900
900
900
900
900
900
900
900
900
900
900
900
900
900
900
900
900
900
900
900
900
900
900
900
900
900
900
900
900
900
900
900
900
900
900
900
900
900
900
900
900
900
900
900
900
900
900
900
900
900
900
900
900
900
900
900
900
900
900
900
900
900
900
900
900
900
900
900
900
900
900
900
900
900
900
900
900
900
900
900
900
900
900
900
900
900
900
900
900
900
900
900
900
900
900
900
900
900
900
900
900
900
900
900
900
900
900
900
900
900
900
900
900
900
900
900
900
900
900
900
900
900
900
900
900
900
900
900
900
900
900
900
900
900
900
900
900
900
900
900
900
900
900
900
900
900
900
900
900
900
900
900
900
900
900
900
900
900
900
900
900
900
900
900
900
900
900
900
900
900
900
900
900
900
900
900
900
900
900
900
900
900
900
900
900
900
900
900
900
900
900
900
900
900
900
900
900
900
900
900
900
900
900
900
900
900
900
900
900
900
900
900
900
900
900
900
900
900
900
900
900
900
900
900
900
900
900
900
900
900
900
900
900
900
900
900
900
900
900
900
900
900
900
900
900
900
900
900
900
900
900
900
900
900
900
900
900
900
900
900
900
900
900
900
900
900
900
900
900
900
900
900
900
900
900
900
900
900
900
900
900
900
900
900
900
900
900
900
900
900
900
900
900
900
900
900
900
900
900
900
900
900
900
900
900
900
900
900
900
900
900
900
900
900
900
900
900
900
900
900
900
900
900
900
900
900
900
900
900
900
900
900
900
900
900
900
900
900
900
900
900
900
900
900
900
900
900
900
900
900
900
900
900
900
900
900
900
900
900
900
900
900
900
900
900
900
900
900
900
900
900
900
900
900
900
900
900
900
900
900
900
900
900
900
900
900
900
900
900
900
900
900
900
900
900
900
900
900
900
900
900
900
900
900
900
900
900
900
900
900
900
900
900
900
900
900
900
900
900
900
900
900
900
900
900
900
900
900
900
900
900
900
900
900
900
900
900
900
900
900
900
900
900
900
900
900
900
900
900
900
900
900
900
900
900
900
900
900
900
900
900
900
900
900
900
900
900
900
900
900
900
900
900
900
900
900
900
900
900
900
900
900
900
900
900
900
900
900
900
900
900
900
900
900
900
900
900
900
900
900
900
900
900
900
900
900
900
900
900
900
900
900
900
900
900
900
900
900
900
900
900
900
900
900
900
900
900
900
900
900
900
900
900
900
900
900
900
900
900
900
900
900
900
900
900
900
900
900
900
900
900
900
900
900
900
900
900
900
900
900
900
900
900
900
900
900
900
900
900
900
900
900
900
900
900
900
900
900
900
900
900
900
900
900
900
900
900
900
900
900
900
900
900
900
900
900
900
900
900
900
900
900
900
900
900
900
900
900
900
900
900
900
900
900
900
900
900
900
900
900
900
900
900
900
900
900
900
900
900
900
900
900
900
900
900
900
900
900
900
900
900
900
900
900
900
900
900
900
900
900
900
900
900
900
900
900
900
900
900
900
900
900
900
900
900
900
900
900
900
900
900
900
900
900
900
900
900
900
900
900
900
900
900
900
900
900
900
900
900
900
900
900
900
900
900
900
900
900
900
900
900
900
900
900
900
900
900
900
900
900
900
900
900
900
900
900
900
900
900
900
900
900
900
900
900
900
900
900
900
900
900
900
900
900
900
900
900
900
900
900
900
900
900
900
900
900
900
900
900
900
900
900
900
900
900
900
900
900
900
900
900
900
900
900
900
900
900
900
900
900
900
900
900
900
900
900
900
900
900
900
900
900
900
900
900
900
900
900
900
900
900
900
900
900
900
900
900
900
900
900
900
900
900
900
900
900
900
900
900
900
900
900
900
900
900
900
900
900
900
900
900
900
900
900
900
900
900
900
900
900
900
900
900
900
900
900
900
900
900
900
900
900
900
900
900
900
900
900
900
900
900
900
900
900
900
900
900
900
900
900
900
900
900
900
900
900
900
900
900
900
900
900
900
900
900
900
900
900
900
900
900
900
900
900
900
900
900
900
900
900
900
900
900
900
900
900
900
900
900
900
900
900
900
900
900
900
900
900
900
900
900
900
900
900
900
900
900
900
900
900
900
900
900
900
900
900
900
900
900
900
900
900
900
900
900
900
900
900
900
900
900
900
900
900
900
900
900
900
900
900
900
900
900
900
900
900
900
900
900
900
900
900
900
900
900
900
900
900
900
900
900
900
900
900
900
900
900
900
900
900
900
900
900
900
900
900
900
900
900
900
900
900
900
900
900
900
900
900
900
900
900
900
900
900
900
900
900
900
900
900
900
900
900
900
900
900
900
900
900
900
900
900
900
900
900
900
900
900
900
900
900
900
900
900
900
900
900
900
900
900
900
900
900
900
900
900
900
900
900
900
900
900
900
900
900
900
900
900
900
900
900
900
900
900
900
900
900
900
900
900
900
900
900
900
900
900
900
900
900
900
900
900
900
900
900
900
900
900
900
900
900
900
900
900
900
900
900
900
900
900
900
900
900
900
900
900
900
900
900
900
900
900
900
900
900
900
900
900
900
900
900
900
900
900
900
900
900
900
900
900
900
900
900
900
900
900
900
900
900
900
900
900
900
900
900
900
900
900
900
900
900
900
900
900
900
900
900
900
900
900
900
900
900
900
900
900
900
900
900
900
900
900
900
900
900
900
900
900
900
900
900
900
900
900
900
900
900
900
900
900
900
900
900
900
900
900
900
900
900
900
900
900
900
900
900
900
900
900
900
900
900
900
900
900
900
900
900
900
900
900
900
900
900
900
900
900
900
900
900
900
900
900
900
900
900
900
900
900
900
900
900
900
900
900
900
900
900
900
900
900
900
900
900
900
900
900
900
900
900
900
900
900
900
900
900
900
900
900
900
900
900
900
900
900
900
900
900
900
900
900
900
900
900
900
900
900
900
900
900
900
900
900
900
900
900
900
900
900
900
900
900
900
900
900
900
900
900
900
900
900
900
900
900
900
900
900
900
900
900
900
900
900
900
900
900
900
900
900
900
900
900
900
900
900
900
900
900
900
900
900
900
900
900
900
900
900
900
900
900
900
900
900
900
900
900
900
900
900
900
900
900
900
900
900
900
900
900
900
900
900
900
900
900
900
900
900
900
900
900
900
900
900
900
900
900
900
900
900
900
900
900
900
900
900
900
900
900
900
900
900
900
900
900
900
900
900
900
900
900
900
900
900
900
900
900
900
900
900
900
900
900
900
900
900
900
900
900
900
900
900
900
900
900
900
900
900
900
900
900
900
900
900
900
900
900
900
900
900
900
900
900
900
900
900
900
900
900
900
900
900
900
900
900
900
900
900
900
900
900
900
900
900
900
900
900
900
900
900
900
900
900
900
900
900
900
900
900
900
900
900
900
900
900
900
900
900
900
900
900
900
900
900
900
900
900
900
900
900
900
900
900
900
900
900
900
900
900
900
900
900
900
900
900
900
900
900
900
900
900
900
900
900
900
900
900
900
900
900
900
900
900
900
900
900
900
900
900
900
900
900
900
900
900
900
900
900
900
900
900
900
900
900
900
900
900
900
900
900
900
900
900
900
900
900
900
900
900
900
900
900
900
900
900
900
900
900
)
;

boundaryField
{
    empty
    {
        type            empty;
    }
    right
    {
        type            zeroGradient;
    }
    top
    {
        type            zeroGradient;
    }
    left
    {
        type            zeroGradient;
    }
    bottom
    {
        type            zeroGradient;
    }
}


// ************************************************************************* //
