/*--------------------------------*- C++ -*----------------------------------*\
  =========                 |
  \\      /  F ield         | OpenFOAM: The Open Source CFD Toolbox
   \\    /   O peration     | Website:  https://openfoam.org
    \\  /    A nd           | Version:  8
     \\/     M anipulation  |
\*---------------------------------------------------------------------------*/
FoamFile
{
    version     2.0;
    format      ascii;
    class       faceList;
    location    "constant/polyMesh";
    object      faces;
}
// * * * * * * * * * * * * * * * * * * * * * * * * * * * * * * * * * * * * * //


2501
(
4(1 502 1504 1003)
4(2 503 1505 1004)
4(3 504 1506 1005)
4(4 505 1507 1006)
4(5 506 1508 1007)
4(6 507 1509 1008)
4(7 508 1510 1009)
4(8 509 1511 1010)
4(9 510 1512 1011)
4(10 511 1513 1012)
4(11 512 1514 1013)
4(12 513 1515 1014)
4(13 514 1516 1015)
4(14 515 1517 1016)
4(15 516 1518 1017)
4(16 517 1519 1018)
4(17 518 1520 1019)
4(18 519 1521 1020)
4(19 520 1522 1021)
4(20 521 1523 1022)
4(21 522 1524 1023)
4(22 523 1525 1024)
4(23 524 1526 1025)
4(24 525 1527 1026)
4(25 526 1528 1027)
4(26 527 1529 1028)
4(27 528 1530 1029)
4(28 529 1531 1030)
4(29 530 1532 1031)
4(30 531 1533 1032)
4(31 532 1534 1033)
4(32 533 1535 1034)
4(33 534 1536 1035)
4(34 535 1537 1036)
4(35 536 1538 1037)
4(36 537 1539 1038)
4(37 538 1540 1039)
4(38 539 1541 1040)
4(39 540 1542 1041)
4(40 541 1543 1042)
4(41 542 1544 1043)
4(42 543 1545 1044)
4(43 544 1546 1045)
4(44 545 1547 1046)
4(45 546 1548 1047)
4(46 547 1549 1048)
4(47 548 1550 1049)
4(48 549 1551 1050)
4(49 550 1552 1051)
4(50 551 1553 1052)
4(51 552 1554 1053)
4(52 553 1555 1054)
4(53 554 1556 1055)
4(54 555 1557 1056)
4(55 556 1558 1057)
4(56 557 1559 1058)
4(57 558 1560 1059)
4(58 559 1561 1060)
4(59 560 1562 1061)
4(60 561 1563 1062)
4(61 562 1564 1063)
4(62 563 1565 1064)
4(63 564 1566 1065)
4(64 565 1567 1066)
4(65 566 1568 1067)
4(66 567 1569 1068)
4(67 568 1570 1069)
4(68 569 1571 1070)
4(69 570 1572 1071)
4(70 571 1573 1072)
4(71 572 1574 1073)
4(72 573 1575 1074)
4(73 574 1576 1075)
4(74 575 1577 1076)
4(75 576 1578 1077)
4(76 577 1579 1078)
4(77 578 1580 1079)
4(78 579 1581 1080)
4(79 580 1582 1081)
4(80 581 1583 1082)
4(81 582 1584 1083)
4(82 583 1585 1084)
4(83 584 1586 1085)
4(84 585 1587 1086)
4(85 586 1588 1087)
4(86 587 1589 1088)
4(87 588 1590 1089)
4(88 589 1591 1090)
4(89 590 1592 1091)
4(90 591 1593 1092)
4(91 592 1594 1093)
4(92 593 1595 1094)
4(93 594 1596 1095)
4(94 595 1597 1096)
4(95 596 1598 1097)
4(96 597 1599 1098)
4(97 598 1600 1099)
4(98 599 1601 1100)
4(99 600 1602 1101)
4(100 601 1603 1102)
4(101 602 1604 1103)
4(102 603 1605 1104)
4(103 604 1606 1105)
4(104 605 1607 1106)
4(105 606 1608 1107)
4(106 607 1609 1108)
4(107 608 1610 1109)
4(108 609 1611 1110)
4(109 610 1612 1111)
4(110 611 1613 1112)
4(111 612 1614 1113)
4(112 613 1615 1114)
4(113 614 1616 1115)
4(114 615 1617 1116)
4(115 616 1618 1117)
4(116 617 1619 1118)
4(117 618 1620 1119)
4(118 619 1621 1120)
4(119 620 1622 1121)
4(120 621 1623 1122)
4(121 622 1624 1123)
4(122 623 1625 1124)
4(123 624 1626 1125)
4(124 625 1627 1126)
4(125 626 1628 1127)
4(126 627 1629 1128)
4(127 628 1630 1129)
4(128 629 1631 1130)
4(129 630 1632 1131)
4(130 631 1633 1132)
4(131 632 1634 1133)
4(132 633 1635 1134)
4(133 634 1636 1135)
4(134 635 1637 1136)
4(135 636 1638 1137)
4(136 637 1639 1138)
4(137 638 1640 1139)
4(138 639 1641 1140)
4(139 640 1642 1141)
4(140 641 1643 1142)
4(141 642 1644 1143)
4(142 643 1645 1144)
4(143 644 1646 1145)
4(144 645 1647 1146)
4(145 646 1648 1147)
4(146 647 1649 1148)
4(147 648 1650 1149)
4(148 649 1651 1150)
4(149 650 1652 1151)
4(150 651 1653 1152)
4(151 652 1654 1153)
4(152 653 1655 1154)
4(153 654 1656 1155)
4(154 655 1657 1156)
4(155 656 1658 1157)
4(156 657 1659 1158)
4(157 658 1660 1159)
4(158 659 1661 1160)
4(159 660 1662 1161)
4(160 661 1663 1162)
4(161 662 1664 1163)
4(162 663 1665 1164)
4(163 664 1666 1165)
4(164 665 1667 1166)
4(165 666 1668 1167)
4(166 667 1669 1168)
4(167 668 1670 1169)
4(168 669 1671 1170)
4(169 670 1672 1171)
4(170 671 1673 1172)
4(171 672 1674 1173)
4(172 673 1675 1174)
4(173 674 1676 1175)
4(174 675 1677 1176)
4(175 676 1678 1177)
4(176 677 1679 1178)
4(177 678 1680 1179)
4(178 679 1681 1180)
4(179 680 1682 1181)
4(180 681 1683 1182)
4(181 682 1684 1183)
4(182 683 1685 1184)
4(183 684 1686 1185)
4(184 685 1687 1186)
4(185 686 1688 1187)
4(186 687 1689 1188)
4(187 688 1690 1189)
4(188 689 1691 1190)
4(189 690 1692 1191)
4(190 691 1693 1192)
4(191 692 1694 1193)
4(192 693 1695 1194)
4(193 694 1696 1195)
4(194 695 1697 1196)
4(195 696 1698 1197)
4(196 697 1699 1198)
4(197 698 1700 1199)
4(198 699 1701 1200)
4(199 700 1702 1201)
4(200 701 1703 1202)
4(201 702 1704 1203)
4(202 703 1705 1204)
4(203 704 1706 1205)
4(204 705 1707 1206)
4(205 706 1708 1207)
4(206 707 1709 1208)
4(207 708 1710 1209)
4(208 709 1711 1210)
4(209 710 1712 1211)
4(210 711 1713 1212)
4(211 712 1714 1213)
4(212 713 1715 1214)
4(213 714 1716 1215)
4(214 715 1717 1216)
4(215 716 1718 1217)
4(216 717 1719 1218)
4(217 718 1720 1219)
4(218 719 1721 1220)
4(219 720 1722 1221)
4(220 721 1723 1222)
4(221 722 1724 1223)
4(222 723 1725 1224)
4(223 724 1726 1225)
4(224 725 1727 1226)
4(225 726 1728 1227)
4(226 727 1729 1228)
4(227 728 1730 1229)
4(228 729 1731 1230)
4(229 730 1732 1231)
4(230 731 1733 1232)
4(231 732 1734 1233)
4(232 733 1735 1234)
4(233 734 1736 1235)
4(234 735 1737 1236)
4(235 736 1738 1237)
4(236 737 1739 1238)
4(237 738 1740 1239)
4(238 739 1741 1240)
4(239 740 1742 1241)
4(240 741 1743 1242)
4(241 742 1744 1243)
4(242 743 1745 1244)
4(243 744 1746 1245)
4(244 745 1747 1246)
4(245 746 1748 1247)
4(246 747 1749 1248)
4(247 748 1750 1249)
4(248 749 1751 1250)
4(249 750 1752 1251)
4(250 751 1753 1252)
4(251 752 1754 1253)
4(252 753 1755 1254)
4(253 754 1756 1255)
4(254 755 1757 1256)
4(255 756 1758 1257)
4(256 757 1759 1258)
4(257 758 1760 1259)
4(258 759 1761 1260)
4(259 760 1762 1261)
4(260 761 1763 1262)
4(261 762 1764 1263)
4(262 763 1765 1264)
4(263 764 1766 1265)
4(264 765 1767 1266)
4(265 766 1768 1267)
4(266 767 1769 1268)
4(267 768 1770 1269)
4(268 769 1771 1270)
4(269 770 1772 1271)
4(270 771 1773 1272)
4(271 772 1774 1273)
4(272 773 1775 1274)
4(273 774 1776 1275)
4(274 775 1777 1276)
4(275 776 1778 1277)
4(276 777 1779 1278)
4(277 778 1780 1279)
4(278 779 1781 1280)
4(279 780 1782 1281)
4(280 781 1783 1282)
4(281 782 1784 1283)
4(282 783 1785 1284)
4(283 784 1786 1285)
4(284 785 1787 1286)
4(285 786 1788 1287)
4(286 787 1789 1288)
4(287 788 1790 1289)
4(288 789 1791 1290)
4(289 790 1792 1291)
4(290 791 1793 1292)
4(291 792 1794 1293)
4(292 793 1795 1294)
4(293 794 1796 1295)
4(294 795 1797 1296)
4(295 796 1798 1297)
4(296 797 1799 1298)
4(297 798 1800 1299)
4(298 799 1801 1300)
4(299 800 1802 1301)
4(300 801 1803 1302)
4(301 802 1804 1303)
4(302 803 1805 1304)
4(303 804 1806 1305)
4(304 805 1807 1306)
4(305 806 1808 1307)
4(306 807 1809 1308)
4(307 808 1810 1309)
4(308 809 1811 1310)
4(309 810 1812 1311)
4(310 811 1813 1312)
4(311 812 1814 1313)
4(312 813 1815 1314)
4(313 814 1816 1315)
4(314 815 1817 1316)
4(315 816 1818 1317)
4(316 817 1819 1318)
4(317 818 1820 1319)
4(318 819 1821 1320)
4(319 820 1822 1321)
4(320 821 1823 1322)
4(321 822 1824 1323)
4(322 823 1825 1324)
4(323 824 1826 1325)
4(324 825 1827 1326)
4(325 826 1828 1327)
4(326 827 1829 1328)
4(327 828 1830 1329)
4(328 829 1831 1330)
4(329 830 1832 1331)
4(330 831 1833 1332)
4(331 832 1834 1333)
4(332 833 1835 1334)
4(333 834 1836 1335)
4(334 835 1837 1336)
4(335 836 1838 1337)
4(336 837 1839 1338)
4(337 838 1840 1339)
4(338 839 1841 1340)
4(339 840 1842 1341)
4(340 841 1843 1342)
4(341 842 1844 1343)
4(342 843 1845 1344)
4(343 844 1846 1345)
4(344 845 1847 1346)
4(345 846 1848 1347)
4(346 847 1849 1348)
4(347 848 1850 1349)
4(348 849 1851 1350)
4(349 850 1852 1351)
4(350 851 1853 1352)
4(351 852 1854 1353)
4(352 853 1855 1354)
4(353 854 1856 1355)
4(354 855 1857 1356)
4(355 856 1858 1357)
4(356 857 1859 1358)
4(357 858 1860 1359)
4(358 859 1861 1360)
4(359 860 1862 1361)
4(360 861 1863 1362)
4(361 862 1864 1363)
4(362 863 1865 1364)
4(363 864 1866 1365)
4(364 865 1867 1366)
4(365 866 1868 1367)
4(366 867 1869 1368)
4(367 868 1870 1369)
4(368 869 1871 1370)
4(369 870 1872 1371)
4(370 871 1873 1372)
4(371 872 1874 1373)
4(372 873 1875 1374)
4(373 874 1876 1375)
4(374 875 1877 1376)
4(375 876 1878 1377)
4(376 877 1879 1378)
4(377 878 1880 1379)
4(378 879 1881 1380)
4(379 880 1882 1381)
4(380 881 1883 1382)
4(381 882 1884 1383)
4(382 883 1885 1384)
4(383 884 1886 1385)
4(384 885 1887 1386)
4(385 886 1888 1387)
4(386 887 1889 1388)
4(387 888 1890 1389)
4(388 889 1891 1390)
4(389 890 1892 1391)
4(390 891 1893 1392)
4(391 892 1894 1393)
4(392 893 1895 1394)
4(393 894 1896 1395)
4(394 895 1897 1396)
4(395 896 1898 1397)
4(396 897 1899 1398)
4(397 898 1900 1399)
4(398 899 1901 1400)
4(399 900 1902 1401)
4(400 901 1903 1402)
4(401 902 1904 1403)
4(402 903 1905 1404)
4(403 904 1906 1405)
4(404 905 1907 1406)
4(405 906 1908 1407)
4(406 907 1909 1408)
4(407 908 1910 1409)
4(408 909 1911 1410)
4(409 910 1912 1411)
4(410 911 1913 1412)
4(411 912 1914 1413)
4(412 913 1915 1414)
4(413 914 1916 1415)
4(414 915 1917 1416)
4(415 916 1918 1417)
4(416 917 1919 1418)
4(417 918 1920 1419)
4(418 919 1921 1420)
4(419 920 1922 1421)
4(420 921 1923 1422)
4(421 922 1924 1423)
4(422 923 1925 1424)
4(423 924 1926 1425)
4(424 925 1927 1426)
4(425 926 1928 1427)
4(426 927 1929 1428)
4(427 928 1930 1429)
4(428 929 1931 1430)
4(429 930 1932 1431)
4(430 931 1933 1432)
4(431 932 1934 1433)
4(432 933 1935 1434)
4(433 934 1936 1435)
4(434 935 1937 1436)
4(435 936 1938 1437)
4(436 937 1939 1438)
4(437 938 1940 1439)
4(438 939 1941 1440)
4(439 940 1942 1441)
4(440 941 1943 1442)
4(441 942 1944 1443)
4(442 943 1945 1444)
4(443 944 1946 1445)
4(444 945 1947 1446)
4(445 946 1948 1447)
4(446 947 1949 1448)
4(447 948 1950 1449)
4(448 949 1951 1450)
4(449 950 1952 1451)
4(450 951 1953 1452)
4(451 952 1954 1453)
4(452 953 1955 1454)
4(453 954 1956 1455)
4(454 955 1957 1456)
4(455 956 1958 1457)
4(456 957 1959 1458)
4(457 958 1960 1459)
4(458 959 1961 1460)
4(459 960 1962 1461)
4(460 961 1963 1462)
4(461 962 1964 1463)
4(462 963 1965 1464)
4(463 964 1966 1465)
4(464 965 1967 1466)
4(465 966 1968 1467)
4(466 967 1969 1468)
4(467 968 1970 1469)
4(468 969 1971 1470)
4(469 970 1972 1471)
4(470 971 1973 1472)
4(471 972 1974 1473)
4(472 973 1975 1474)
4(473 974 1976 1475)
4(474 975 1977 1476)
4(475 976 1978 1477)
4(476 977 1979 1478)
4(477 978 1980 1479)
4(478 979 1981 1480)
4(479 980 1982 1481)
4(480 981 1983 1482)
4(481 982 1984 1483)
4(482 983 1985 1484)
4(483 984 1986 1485)
4(484 985 1987 1486)
4(485 986 1988 1487)
4(486 987 1989 1488)
4(487 988 1990 1489)
4(488 989 1991 1490)
4(489 990 1992 1491)
4(490 991 1993 1492)
4(491 992 1994 1493)
4(492 993 1995 1494)
4(493 994 1996 1495)
4(494 995 1997 1496)
4(495 996 1998 1497)
4(496 997 1999 1498)
4(497 998 2000 1499)
4(498 999 2001 1500)
4(499 1000 2002 1501)
4(0 1002 1503 501)
4(500 1001 2003 1502)
4(0 1 1003 1002)
4(1 2 1004 1003)
4(2 3 1005 1004)
4(3 4 1006 1005)
4(4 5 1007 1006)
4(5 6 1008 1007)
4(6 7 1009 1008)
4(7 8 1010 1009)
4(8 9 1011 1010)
4(9 10 1012 1011)
4(10 11 1013 1012)
4(11 12 1014 1013)
4(12 13 1015 1014)
4(13 14 1016 1015)
4(14 15 1017 1016)
4(15 16 1018 1017)
4(16 17 1019 1018)
4(17 18 1020 1019)
4(18 19 1021 1020)
4(19 20 1022 1021)
4(20 21 1023 1022)
4(21 22 1024 1023)
4(22 23 1025 1024)
4(23 24 1026 1025)
4(24 25 1027 1026)
4(25 26 1028 1027)
4(26 27 1029 1028)
4(27 28 1030 1029)
4(28 29 1031 1030)
4(29 30 1032 1031)
4(30 31 1033 1032)
4(31 32 1034 1033)
4(32 33 1035 1034)
4(33 34 1036 1035)
4(34 35 1037 1036)
4(35 36 1038 1037)
4(36 37 1039 1038)
4(37 38 1040 1039)
4(38 39 1041 1040)
4(39 40 1042 1041)
4(40 41 1043 1042)
4(41 42 1044 1043)
4(42 43 1045 1044)
4(43 44 1046 1045)
4(44 45 1047 1046)
4(45 46 1048 1047)
4(46 47 1049 1048)
4(47 48 1050 1049)
4(48 49 1051 1050)
4(49 50 1052 1051)
4(50 51 1053 1052)
4(51 52 1054 1053)
4(52 53 1055 1054)
4(53 54 1056 1055)
4(54 55 1057 1056)
4(55 56 1058 1057)
4(56 57 1059 1058)
4(57 58 1060 1059)
4(58 59 1061 1060)
4(59 60 1062 1061)
4(60 61 1063 1062)
4(61 62 1064 1063)
4(62 63 1065 1064)
4(63 64 1066 1065)
4(64 65 1067 1066)
4(65 66 1068 1067)
4(66 67 1069 1068)
4(67 68 1070 1069)
4(68 69 1071 1070)
4(69 70 1072 1071)
4(70 71 1073 1072)
4(71 72 1074 1073)
4(72 73 1075 1074)
4(73 74 1076 1075)
4(74 75 1077 1076)
4(75 76 1078 1077)
4(76 77 1079 1078)
4(77 78 1080 1079)
4(78 79 1081 1080)
4(79 80 1082 1081)
4(80 81 1083 1082)
4(81 82 1084 1083)
4(82 83 1085 1084)
4(83 84 1086 1085)
4(84 85 1087 1086)
4(85 86 1088 1087)
4(86 87 1089 1088)
4(87 88 1090 1089)
4(88 89 1091 1090)
4(89 90 1092 1091)
4(90 91 1093 1092)
4(91 92 1094 1093)
4(92 93 1095 1094)
4(93 94 1096 1095)
4(94 95 1097 1096)
4(95 96 1098 1097)
4(96 97 1099 1098)
4(97 98 1100 1099)
4(98 99 1101 1100)
4(99 100 1102 1101)
4(100 101 1103 1102)
4(101 102 1104 1103)
4(102 103 1105 1104)
4(103 104 1106 1105)
4(104 105 1107 1106)
4(105 106 1108 1107)
4(106 107 1109 1108)
4(107 108 1110 1109)
4(108 109 1111 1110)
4(109 110 1112 1111)
4(110 111 1113 1112)
4(111 112 1114 1113)
4(112 113 1115 1114)
4(113 114 1116 1115)
4(114 115 1117 1116)
4(115 116 1118 1117)
4(116 117 1119 1118)
4(117 118 1120 1119)
4(118 119 1121 1120)
4(119 120 1122 1121)
4(120 121 1123 1122)
4(121 122 1124 1123)
4(122 123 1125 1124)
4(123 124 1126 1125)
4(124 125 1127 1126)
4(125 126 1128 1127)
4(126 127 1129 1128)
4(127 128 1130 1129)
4(128 129 1131 1130)
4(129 130 1132 1131)
4(130 131 1133 1132)
4(131 132 1134 1133)
4(132 133 1135 1134)
4(133 134 1136 1135)
4(134 135 1137 1136)
4(135 136 1138 1137)
4(136 137 1139 1138)
4(137 138 1140 1139)
4(138 139 1141 1140)
4(139 140 1142 1141)
4(140 141 1143 1142)
4(141 142 1144 1143)
4(142 143 1145 1144)
4(143 144 1146 1145)
4(144 145 1147 1146)
4(145 146 1148 1147)
4(146 147 1149 1148)
4(147 148 1150 1149)
4(148 149 1151 1150)
4(149 150 1152 1151)
4(150 151 1153 1152)
4(151 152 1154 1153)
4(152 153 1155 1154)
4(153 154 1156 1155)
4(154 155 1157 1156)
4(155 156 1158 1157)
4(156 157 1159 1158)
4(157 158 1160 1159)
4(158 159 1161 1160)
4(159 160 1162 1161)
4(160 161 1163 1162)
4(161 162 1164 1163)
4(162 163 1165 1164)
4(163 164 1166 1165)
4(164 165 1167 1166)
4(165 166 1168 1167)
4(166 167 1169 1168)
4(167 168 1170 1169)
4(168 169 1171 1170)
4(169 170 1172 1171)
4(170 171 1173 1172)
4(171 172 1174 1173)
4(172 173 1175 1174)
4(173 174 1176 1175)
4(174 175 1177 1176)
4(175 176 1178 1177)
4(176 177 1179 1178)
4(177 178 1180 1179)
4(178 179 1181 1180)
4(179 180 1182 1181)
4(180 181 1183 1182)
4(181 182 1184 1183)
4(182 183 1185 1184)
4(183 184 1186 1185)
4(184 185 1187 1186)
4(185 186 1188 1187)
4(186 187 1189 1188)
4(187 188 1190 1189)
4(188 189 1191 1190)
4(189 190 1192 1191)
4(190 191 1193 1192)
4(191 192 1194 1193)
4(192 193 1195 1194)
4(193 194 1196 1195)
4(194 195 1197 1196)
4(195 196 1198 1197)
4(196 197 1199 1198)
4(197 198 1200 1199)
4(198 199 1201 1200)
4(199 200 1202 1201)
4(200 201 1203 1202)
4(201 202 1204 1203)
4(202 203 1205 1204)
4(203 204 1206 1205)
4(204 205 1207 1206)
4(205 206 1208 1207)
4(206 207 1209 1208)
4(207 208 1210 1209)
4(208 209 1211 1210)
4(209 210 1212 1211)
4(210 211 1213 1212)
4(211 212 1214 1213)
4(212 213 1215 1214)
4(213 214 1216 1215)
4(214 215 1217 1216)
4(215 216 1218 1217)
4(216 217 1219 1218)
4(217 218 1220 1219)
4(218 219 1221 1220)
4(219 220 1222 1221)
4(220 221 1223 1222)
4(221 222 1224 1223)
4(222 223 1225 1224)
4(223 224 1226 1225)
4(224 225 1227 1226)
4(225 226 1228 1227)
4(226 227 1229 1228)
4(227 228 1230 1229)
4(228 229 1231 1230)
4(229 230 1232 1231)
4(230 231 1233 1232)
4(231 232 1234 1233)
4(232 233 1235 1234)
4(233 234 1236 1235)
4(234 235 1237 1236)
4(235 236 1238 1237)
4(236 237 1239 1238)
4(237 238 1240 1239)
4(238 239 1241 1240)
4(239 240 1242 1241)
4(240 241 1243 1242)
4(241 242 1244 1243)
4(242 243 1245 1244)
4(243 244 1246 1245)
4(244 245 1247 1246)
4(245 246 1248 1247)
4(246 247 1249 1248)
4(247 248 1250 1249)
4(248 249 1251 1250)
4(249 250 1252 1251)
4(250 251 1253 1252)
4(251 252 1254 1253)
4(252 253 1255 1254)
4(253 254 1256 1255)
4(254 255 1257 1256)
4(255 256 1258 1257)
4(256 257 1259 1258)
4(257 258 1260 1259)
4(258 259 1261 1260)
4(259 260 1262 1261)
4(260 261 1263 1262)
4(261 262 1264 1263)
4(262 263 1265 1264)
4(263 264 1266 1265)
4(264 265 1267 1266)
4(265 266 1268 1267)
4(266 267 1269 1268)
4(267 268 1270 1269)
4(268 269 1271 1270)
4(269 270 1272 1271)
4(270 271 1273 1272)
4(271 272 1274 1273)
4(272 273 1275 1274)
4(273 274 1276 1275)
4(274 275 1277 1276)
4(275 276 1278 1277)
4(276 277 1279 1278)
4(277 278 1280 1279)
4(278 279 1281 1280)
4(279 280 1282 1281)
4(280 281 1283 1282)
4(281 282 1284 1283)
4(282 283 1285 1284)
4(283 284 1286 1285)
4(284 285 1287 1286)
4(285 286 1288 1287)
4(286 287 1289 1288)
4(287 288 1290 1289)
4(288 289 1291 1290)
4(289 290 1292 1291)
4(290 291 1293 1292)
4(291 292 1294 1293)
4(292 293 1295 1294)
4(293 294 1296 1295)
4(294 295 1297 1296)
4(295 296 1298 1297)
4(296 297 1299 1298)
4(297 298 1300 1299)
4(298 299 1301 1300)
4(299 300 1302 1301)
4(300 301 1303 1302)
4(301 302 1304 1303)
4(302 303 1305 1304)
4(303 304 1306 1305)
4(304 305 1307 1306)
4(305 306 1308 1307)
4(306 307 1309 1308)
4(307 308 1310 1309)
4(308 309 1311 1310)
4(309 310 1312 1311)
4(310 311 1313 1312)
4(311 312 1314 1313)
4(312 313 1315 1314)
4(313 314 1316 1315)
4(314 315 1317 1316)
4(315 316 1318 1317)
4(316 317 1319 1318)
4(317 318 1320 1319)
4(318 319 1321 1320)
4(319 320 1322 1321)
4(320 321 1323 1322)
4(321 322 1324 1323)
4(322 323 1325 1324)
4(323 324 1326 1325)
4(324 325 1327 1326)
4(325 326 1328 1327)
4(326 327 1329 1328)
4(327 328 1330 1329)
4(328 329 1331 1330)
4(329 330 1332 1331)
4(330 331 1333 1332)
4(331 332 1334 1333)
4(332 333 1335 1334)
4(333 334 1336 1335)
4(334 335 1337 1336)
4(335 336 1338 1337)
4(336 337 1339 1338)
4(337 338 1340 1339)
4(338 339 1341 1340)
4(339 340 1342 1341)
4(340 341 1343 1342)
4(341 342 1344 1343)
4(342 343 1345 1344)
4(343 344 1346 1345)
4(344 345 1347 1346)
4(345 346 1348 1347)
4(346 347 1349 1348)
4(347 348 1350 1349)
4(348 349 1351 1350)
4(349 350 1352 1351)
4(350 351 1353 1352)
4(351 352 1354 1353)
4(352 353 1355 1354)
4(353 354 1356 1355)
4(354 355 1357 1356)
4(355 356 1358 1357)
4(356 357 1359 1358)
4(357 358 1360 1359)
4(358 359 1361 1360)
4(359 360 1362 1361)
4(360 361 1363 1362)
4(361 362 1364 1363)
4(362 363 1365 1364)
4(363 364 1366 1365)
4(364 365 1367 1366)
4(365 366 1368 1367)
4(366 367 1369 1368)
4(367 368 1370 1369)
4(368 369 1371 1370)
4(369 370 1372 1371)
4(370 371 1373 1372)
4(371 372 1374 1373)
4(372 373 1375 1374)
4(373 374 1376 1375)
4(374 375 1377 1376)
4(375 376 1378 1377)
4(376 377 1379 1378)
4(377 378 1380 1379)
4(378 379 1381 1380)
4(379 380 1382 1381)
4(380 381 1383 1382)
4(381 382 1384 1383)
4(382 383 1385 1384)
4(383 384 1386 1385)
4(384 385 1387 1386)
4(385 386 1388 1387)
4(386 387 1389 1388)
4(387 388 1390 1389)
4(388 389 1391 1390)
4(389 390 1392 1391)
4(390 391 1393 1392)
4(391 392 1394 1393)
4(392 393 1395 1394)
4(393 394 1396 1395)
4(394 395 1397 1396)
4(395 396 1398 1397)
4(396 397 1399 1398)
4(397 398 1400 1399)
4(398 399 1401 1400)
4(399 400 1402 1401)
4(400 401 1403 1402)
4(401 402 1404 1403)
4(402 403 1405 1404)
4(403 404 1406 1405)
4(404 405 1407 1406)
4(405 406 1408 1407)
4(406 407 1409 1408)
4(407 408 1410 1409)
4(408 409 1411 1410)
4(409 410 1412 1411)
4(410 411 1413 1412)
4(411 412 1414 1413)
4(412 413 1415 1414)
4(413 414 1416 1415)
4(414 415 1417 1416)
4(415 416 1418 1417)
4(416 417 1419 1418)
4(417 418 1420 1419)
4(418 419 1421 1420)
4(419 420 1422 1421)
4(420 421 1423 1422)
4(421 422 1424 1423)
4(422 423 1425 1424)
4(423 424 1426 1425)
4(424 425 1427 1426)
4(425 426 1428 1427)
4(426 427 1429 1428)
4(427 428 1430 1429)
4(428 429 1431 1430)
4(429 430 1432 1431)
4(430 431 1433 1432)
4(431 432 1434 1433)
4(432 433 1435 1434)
4(433 434 1436 1435)
4(434 435 1437 1436)
4(435 436 1438 1437)
4(436 437 1439 1438)
4(437 438 1440 1439)
4(438 439 1441 1440)
4(439 440 1442 1441)
4(440 441 1443 1442)
4(441 442 1444 1443)
4(442 443 1445 1444)
4(443 444 1446 1445)
4(444 445 1447 1446)
4(445 446 1448 1447)
4(446 447 1449 1448)
4(447 448 1450 1449)
4(448 449 1451 1450)
4(449 450 1452 1451)
4(450 451 1453 1452)
4(451 452 1454 1453)
4(452 453 1455 1454)
4(453 454 1456 1455)
4(454 455 1457 1456)
4(455 456 1458 1457)
4(456 457 1459 1458)
4(457 458 1460 1459)
4(458 459 1461 1460)
4(459 460 1462 1461)
4(460 461 1463 1462)
4(461 462 1464 1463)
4(462 463 1465 1464)
4(463 464 1466 1465)
4(464 465 1467 1466)
4(465 466 1468 1467)
4(466 467 1469 1468)
4(467 468 1470 1469)
4(468 469 1471 1470)
4(469 470 1472 1471)
4(470 471 1473 1472)
4(471 472 1474 1473)
4(472 473 1475 1474)
4(473 474 1476 1475)
4(474 475 1477 1476)
4(475 476 1478 1477)
4(476 477 1479 1478)
4(477 478 1480 1479)
4(478 479 1481 1480)
4(479 480 1482 1481)
4(480 481 1483 1482)
4(481 482 1484 1483)
4(482 483 1485 1484)
4(483 484 1486 1485)
4(484 485 1487 1486)
4(485 486 1488 1487)
4(486 487 1489 1488)
4(487 488 1490 1489)
4(488 489 1491 1490)
4(489 490 1492 1491)
4(490 491 1493 1492)
4(491 492 1494 1493)
4(492 493 1495 1494)
4(493 494 1496 1495)
4(494 495 1497 1496)
4(495 496 1498 1497)
4(496 497 1499 1498)
4(497 498 1500 1499)
4(498 499 1501 1500)
4(499 500 1502 1501)
4(501 1503 1504 502)
4(502 1504 1505 503)
4(503 1505 1506 504)
4(504 1506 1507 505)
4(505 1507 1508 506)
4(506 1508 1509 507)
4(507 1509 1510 508)
4(508 1510 1511 509)
4(509 1511 1512 510)
4(510 1512 1513 511)
4(511 1513 1514 512)
4(512 1514 1515 513)
4(513 1515 1516 514)
4(514 1516 1517 515)
4(515 1517 1518 516)
4(516 1518 1519 517)
4(517 1519 1520 518)
4(518 1520 1521 519)
4(519 1521 1522 520)
4(520 1522 1523 521)
4(521 1523 1524 522)
4(522 1524 1525 523)
4(523 1525 1526 524)
4(524 1526 1527 525)
4(525 1527 1528 526)
4(526 1528 1529 527)
4(527 1529 1530 528)
4(528 1530 1531 529)
4(529 1531 1532 530)
4(530 1532 1533 531)
4(531 1533 1534 532)
4(532 1534 1535 533)
4(533 1535 1536 534)
4(534 1536 1537 535)
4(535 1537 1538 536)
4(536 1538 1539 537)
4(537 1539 1540 538)
4(538 1540 1541 539)
4(539 1541 1542 540)
4(540 1542 1543 541)
4(541 1543 1544 542)
4(542 1544 1545 543)
4(543 1545 1546 544)
4(544 1546 1547 545)
4(545 1547 1548 546)
4(546 1548 1549 547)
4(547 1549 1550 548)
4(548 1550 1551 549)
4(549 1551 1552 550)
4(550 1552 1553 551)
4(551 1553 1554 552)
4(552 1554 1555 553)
4(553 1555 1556 554)
4(554 1556 1557 555)
4(555 1557 1558 556)
4(556 1558 1559 557)
4(557 1559 1560 558)
4(558 1560 1561 559)
4(559 1561 1562 560)
4(560 1562 1563 561)
4(561 1563 1564 562)
4(562 1564 1565 563)
4(563 1565 1566 564)
4(564 1566 1567 565)
4(565 1567 1568 566)
4(566 1568 1569 567)
4(567 1569 1570 568)
4(568 1570 1571 569)
4(569 1571 1572 570)
4(570 1572 1573 571)
4(571 1573 1574 572)
4(572 1574 1575 573)
4(573 1575 1576 574)
4(574 1576 1577 575)
4(575 1577 1578 576)
4(576 1578 1579 577)
4(577 1579 1580 578)
4(578 1580 1581 579)
4(579 1581 1582 580)
4(580 1582 1583 581)
4(581 1583 1584 582)
4(582 1584 1585 583)
4(583 1585 1586 584)
4(584 1586 1587 585)
4(585 1587 1588 586)
4(586 1588 1589 587)
4(587 1589 1590 588)
4(588 1590 1591 589)
4(589 1591 1592 590)
4(590 1592 1593 591)
4(591 1593 1594 592)
4(592 1594 1595 593)
4(593 1595 1596 594)
4(594 1596 1597 595)
4(595 1597 1598 596)
4(596 1598 1599 597)
4(597 1599 1600 598)
4(598 1600 1601 599)
4(599 1601 1602 600)
4(600 1602 1603 601)
4(601 1603 1604 602)
4(602 1604 1605 603)
4(603 1605 1606 604)
4(604 1606 1607 605)
4(605 1607 1608 606)
4(606 1608 1609 607)
4(607 1609 1610 608)
4(608 1610 1611 609)
4(609 1611 1612 610)
4(610 1612 1613 611)
4(611 1613 1614 612)
4(612 1614 1615 613)
4(613 1615 1616 614)
4(614 1616 1617 615)
4(615 1617 1618 616)
4(616 1618 1619 617)
4(617 1619 1620 618)
4(618 1620 1621 619)
4(619 1621 1622 620)
4(620 1622 1623 621)
4(621 1623 1624 622)
4(622 1624 1625 623)
4(623 1625 1626 624)
4(624 1626 1627 625)
4(625 1627 1628 626)
4(626 1628 1629 627)
4(627 1629 1630 628)
4(628 1630 1631 629)
4(629 1631 1632 630)
4(630 1632 1633 631)
4(631 1633 1634 632)
4(632 1634 1635 633)
4(633 1635 1636 634)
4(634 1636 1637 635)
4(635 1637 1638 636)
4(636 1638 1639 637)
4(637 1639 1640 638)
4(638 1640 1641 639)
4(639 1641 1642 640)
4(640 1642 1643 641)
4(641 1643 1644 642)
4(642 1644 1645 643)
4(643 1645 1646 644)
4(644 1646 1647 645)
4(645 1647 1648 646)
4(646 1648 1649 647)
4(647 1649 1650 648)
4(648 1650 1651 649)
4(649 1651 1652 650)
4(650 1652 1653 651)
4(651 1653 1654 652)
4(652 1654 1655 653)
4(653 1655 1656 654)
4(654 1656 1657 655)
4(655 1657 1658 656)
4(656 1658 1659 657)
4(657 1659 1660 658)
4(658 1660 1661 659)
4(659 1661 1662 660)
4(660 1662 1663 661)
4(661 1663 1664 662)
4(662 1664 1665 663)
4(663 1665 1666 664)
4(664 1666 1667 665)
4(665 1667 1668 666)
4(666 1668 1669 667)
4(667 1669 1670 668)
4(668 1670 1671 669)
4(669 1671 1672 670)
4(670 1672 1673 671)
4(671 1673 1674 672)
4(672 1674 1675 673)
4(673 1675 1676 674)
4(674 1676 1677 675)
4(675 1677 1678 676)
4(676 1678 1679 677)
4(677 1679 1680 678)
4(678 1680 1681 679)
4(679 1681 1682 680)
4(680 1682 1683 681)
4(681 1683 1684 682)
4(682 1684 1685 683)
4(683 1685 1686 684)
4(684 1686 1687 685)
4(685 1687 1688 686)
4(686 1688 1689 687)
4(687 1689 1690 688)
4(688 1690 1691 689)
4(689 1691 1692 690)
4(690 1692 1693 691)
4(691 1693 1694 692)
4(692 1694 1695 693)
4(693 1695 1696 694)
4(694 1696 1697 695)
4(695 1697 1698 696)
4(696 1698 1699 697)
4(697 1699 1700 698)
4(698 1700 1701 699)
4(699 1701 1702 700)
4(700 1702 1703 701)
4(701 1703 1704 702)
4(702 1704 1705 703)
4(703 1705 1706 704)
4(704 1706 1707 705)
4(705 1707 1708 706)
4(706 1708 1709 707)
4(707 1709 1710 708)
4(708 1710 1711 709)
4(709 1711 1712 710)
4(710 1712 1713 711)
4(711 1713 1714 712)
4(712 1714 1715 713)
4(713 1715 1716 714)
4(714 1716 1717 715)
4(715 1717 1718 716)
4(716 1718 1719 717)
4(717 1719 1720 718)
4(718 1720 1721 719)
4(719 1721 1722 720)
4(720 1722 1723 721)
4(721 1723 1724 722)
4(722 1724 1725 723)
4(723 1725 1726 724)
4(724 1726 1727 725)
4(725 1727 1728 726)
4(726 1728 1729 727)
4(727 1729 1730 728)
4(728 1730 1731 729)
4(729 1731 1732 730)
4(730 1732 1733 731)
4(731 1733 1734 732)
4(732 1734 1735 733)
4(733 1735 1736 734)
4(734 1736 1737 735)
4(735 1737 1738 736)
4(736 1738 1739 737)
4(737 1739 1740 738)
4(738 1740 1741 739)
4(739 1741 1742 740)
4(740 1742 1743 741)
4(741 1743 1744 742)
4(742 1744 1745 743)
4(743 1745 1746 744)
4(744 1746 1747 745)
4(745 1747 1748 746)
4(746 1748 1749 747)
4(747 1749 1750 748)
4(748 1750 1751 749)
4(749 1751 1752 750)
4(750 1752 1753 751)
4(751 1753 1754 752)
4(752 1754 1755 753)
4(753 1755 1756 754)
4(754 1756 1757 755)
4(755 1757 1758 756)
4(756 1758 1759 757)
4(757 1759 1760 758)
4(758 1760 1761 759)
4(759 1761 1762 760)
4(760 1762 1763 761)
4(761 1763 1764 762)
4(762 1764 1765 763)
4(763 1765 1766 764)
4(764 1766 1767 765)
4(765 1767 1768 766)
4(766 1768 1769 767)
4(767 1769 1770 768)
4(768 1770 1771 769)
4(769 1771 1772 770)
4(770 1772 1773 771)
4(771 1773 1774 772)
4(772 1774 1775 773)
4(773 1775 1776 774)
4(774 1776 1777 775)
4(775 1777 1778 776)
4(776 1778 1779 777)
4(777 1779 1780 778)
4(778 1780 1781 779)
4(779 1781 1782 780)
4(780 1782 1783 781)
4(781 1783 1784 782)
4(782 1784 1785 783)
4(783 1785 1786 784)
4(784 1786 1787 785)
4(785 1787 1788 786)
4(786 1788 1789 787)
4(787 1789 1790 788)
4(788 1790 1791 789)
4(789 1791 1792 790)
4(790 1792 1793 791)
4(791 1793 1794 792)
4(792 1794 1795 793)
4(793 1795 1796 794)
4(794 1796 1797 795)
4(795 1797 1798 796)
4(796 1798 1799 797)
4(797 1799 1800 798)
4(798 1800 1801 799)
4(799 1801 1802 800)
4(800 1802 1803 801)
4(801 1803 1804 802)
4(802 1804 1805 803)
4(803 1805 1806 804)
4(804 1806 1807 805)
4(805 1807 1808 806)
4(806 1808 1809 807)
4(807 1809 1810 808)
4(808 1810 1811 809)
4(809 1811 1812 810)
4(810 1812 1813 811)
4(811 1813 1814 812)
4(812 1814 1815 813)
4(813 1815 1816 814)
4(814 1816 1817 815)
4(815 1817 1818 816)
4(816 1818 1819 817)
4(817 1819 1820 818)
4(818 1820 1821 819)
4(819 1821 1822 820)
4(820 1822 1823 821)
4(821 1823 1824 822)
4(822 1824 1825 823)
4(823 1825 1826 824)
4(824 1826 1827 825)
4(825 1827 1828 826)
4(826 1828 1829 827)
4(827 1829 1830 828)
4(828 1830 1831 829)
4(829 1831 1832 830)
4(830 1832 1833 831)
4(831 1833 1834 832)
4(832 1834 1835 833)
4(833 1835 1836 834)
4(834 1836 1837 835)
4(835 1837 1838 836)
4(836 1838 1839 837)
4(837 1839 1840 838)
4(838 1840 1841 839)
4(839 1841 1842 840)
4(840 1842 1843 841)
4(841 1843 1844 842)
4(842 1844 1845 843)
4(843 1845 1846 844)
4(844 1846 1847 845)
4(845 1847 1848 846)
4(846 1848 1849 847)
4(847 1849 1850 848)
4(848 1850 1851 849)
4(849 1851 1852 850)
4(850 1852 1853 851)
4(851 1853 1854 852)
4(852 1854 1855 853)
4(853 1855 1856 854)
4(854 1856 1857 855)
4(855 1857 1858 856)
4(856 1858 1859 857)
4(857 1859 1860 858)
4(858 1860 1861 859)
4(859 1861 1862 860)
4(860 1862 1863 861)
4(861 1863 1864 862)
4(862 1864 1865 863)
4(863 1865 1866 864)
4(864 1866 1867 865)
4(865 1867 1868 866)
4(866 1868 1869 867)
4(867 1869 1870 868)
4(868 1870 1871 869)
4(869 1871 1872 870)
4(870 1872 1873 871)
4(871 1873 1874 872)
4(872 1874 1875 873)
4(873 1875 1876 874)
4(874 1876 1877 875)
4(875 1877 1878 876)
4(876 1878 1879 877)
4(877 1879 1880 878)
4(878 1880 1881 879)
4(879 1881 1882 880)
4(880 1882 1883 881)
4(881 1883 1884 882)
4(882 1884 1885 883)
4(883 1885 1886 884)
4(884 1886 1887 885)
4(885 1887 1888 886)
4(886 1888 1889 887)
4(887 1889 1890 888)
4(888 1890 1891 889)
4(889 1891 1892 890)
4(890 1892 1893 891)
4(891 1893 1894 892)
4(892 1894 1895 893)
4(893 1895 1896 894)
4(894 1896 1897 895)
4(895 1897 1898 896)
4(896 1898 1899 897)
4(897 1899 1900 898)
4(898 1900 1901 899)
4(899 1901 1902 900)
4(900 1902 1903 901)
4(901 1903 1904 902)
4(902 1904 1905 903)
4(903 1905 1906 904)
4(904 1906 1907 905)
4(905 1907 1908 906)
4(906 1908 1909 907)
4(907 1909 1910 908)
4(908 1910 1911 909)
4(909 1911 1912 910)
4(910 1912 1913 911)
4(911 1913 1914 912)
4(912 1914 1915 913)
4(913 1915 1916 914)
4(914 1916 1917 915)
4(915 1917 1918 916)
4(916 1918 1919 917)
4(917 1919 1920 918)
4(918 1920 1921 919)
4(919 1921 1922 920)
4(920 1922 1923 921)
4(921 1923 1924 922)
4(922 1924 1925 923)
4(923 1925 1926 924)
4(924 1926 1927 925)
4(925 1927 1928 926)
4(926 1928 1929 927)
4(927 1929 1930 928)
4(928 1930 1931 929)
4(929 1931 1932 930)
4(930 1932 1933 931)
4(931 1933 1934 932)
4(932 1934 1935 933)
4(933 1935 1936 934)
4(934 1936 1937 935)
4(935 1937 1938 936)
4(936 1938 1939 937)
4(937 1939 1940 938)
4(938 1940 1941 939)
4(939 1941 1942 940)
4(940 1942 1943 941)
4(941 1943 1944 942)
4(942 1944 1945 943)
4(943 1945 1946 944)
4(944 1946 1947 945)
4(945 1947 1948 946)
4(946 1948 1949 947)
4(947 1949 1950 948)
4(948 1950 1951 949)
4(949 1951 1952 950)
4(950 1952 1953 951)
4(951 1953 1954 952)
4(952 1954 1955 953)
4(953 1955 1956 954)
4(954 1956 1957 955)
4(955 1957 1958 956)
4(956 1958 1959 957)
4(957 1959 1960 958)
4(958 1960 1961 959)
4(959 1961 1962 960)
4(960 1962 1963 961)
4(961 1963 1964 962)
4(962 1964 1965 963)
4(963 1965 1966 964)
4(964 1966 1967 965)
4(965 1967 1968 966)
4(966 1968 1969 967)
4(967 1969 1970 968)
4(968 1970 1971 969)
4(969 1971 1972 970)
4(970 1972 1973 971)
4(971 1973 1974 972)
4(972 1974 1975 973)
4(973 1975 1976 974)
4(974 1976 1977 975)
4(975 1977 1978 976)
4(976 1978 1979 977)
4(977 1979 1980 978)
4(978 1980 1981 979)
4(979 1981 1982 980)
4(980 1982 1983 981)
4(981 1983 1984 982)
4(982 1984 1985 983)
4(983 1985 1986 984)
4(984 1986 1987 985)
4(985 1987 1988 986)
4(986 1988 1989 987)
4(987 1989 1990 988)
4(988 1990 1991 989)
4(989 1991 1992 990)
4(990 1992 1993 991)
4(991 1993 1994 992)
4(992 1994 1995 993)
4(993 1995 1996 994)
4(994 1996 1997 995)
4(995 1997 1998 996)
4(996 1998 1999 997)
4(997 1999 2000 998)
4(998 2000 2001 999)
4(999 2001 2002 1000)
4(1000 2002 2003 1001)
4(1002 1003 1504 1503)
4(1003 1004 1505 1504)
4(1004 1005 1506 1505)
4(1005 1006 1507 1506)
4(1006 1007 1508 1507)
4(1007 1008 1509 1508)
4(1008 1009 1510 1509)
4(1009 1010 1511 1510)
4(1010 1011 1512 1511)
4(1011 1012 1513 1512)
4(1012 1013 1514 1513)
4(1013 1014 1515 1514)
4(1014 1015 1516 1515)
4(1015 1016 1517 1516)
4(1016 1017 1518 1517)
4(1017 1018 1519 1518)
4(1018 1019 1520 1519)
4(1019 1020 1521 1520)
4(1020 1021 1522 1521)
4(1021 1022 1523 1522)
4(1022 1023 1524 1523)
4(1023 1024 1525 1524)
4(1024 1025 1526 1525)
4(1025 1026 1527 1526)
4(1026 1027 1528 1527)
4(1027 1028 1529 1528)
4(1028 1029 1530 1529)
4(1029 1030 1531 1530)
4(1030 1031 1532 1531)
4(1031 1032 1533 1532)
4(1032 1033 1534 1533)
4(1033 1034 1535 1534)
4(1034 1035 1536 1535)
4(1035 1036 1537 1536)
4(1036 1037 1538 1537)
4(1037 1038 1539 1538)
4(1038 1039 1540 1539)
4(1039 1040 1541 1540)
4(1040 1041 1542 1541)
4(1041 1042 1543 1542)
4(1042 1043 1544 1543)
4(1043 1044 1545 1544)
4(1044 1045 1546 1545)
4(1045 1046 1547 1546)
4(1046 1047 1548 1547)
4(1047 1048 1549 1548)
4(1048 1049 1550 1549)
4(1049 1050 1551 1550)
4(1050 1051 1552 1551)
4(1051 1052 1553 1552)
4(1052 1053 1554 1553)
4(1053 1054 1555 1554)
4(1054 1055 1556 1555)
4(1055 1056 1557 1556)
4(1056 1057 1558 1557)
4(1057 1058 1559 1558)
4(1058 1059 1560 1559)
4(1059 1060 1561 1560)
4(1060 1061 1562 1561)
4(1061 1062 1563 1562)
4(1062 1063 1564 1563)
4(1063 1064 1565 1564)
4(1064 1065 1566 1565)
4(1065 1066 1567 1566)
4(1066 1067 1568 1567)
4(1067 1068 1569 1568)
4(1068 1069 1570 1569)
4(1069 1070 1571 1570)
4(1070 1071 1572 1571)
4(1071 1072 1573 1572)
4(1072 1073 1574 1573)
4(1073 1074 1575 1574)
4(1074 1075 1576 1575)
4(1075 1076 1577 1576)
4(1076 1077 1578 1577)
4(1077 1078 1579 1578)
4(1078 1079 1580 1579)
4(1079 1080 1581 1580)
4(1080 1081 1582 1581)
4(1081 1082 1583 1582)
4(1082 1083 1584 1583)
4(1083 1084 1585 1584)
4(1084 1085 1586 1585)
4(1085 1086 1587 1586)
4(1086 1087 1588 1587)
4(1087 1088 1589 1588)
4(1088 1089 1590 1589)
4(1089 1090 1591 1590)
4(1090 1091 1592 1591)
4(1091 1092 1593 1592)
4(1092 1093 1594 1593)
4(1093 1094 1595 1594)
4(1094 1095 1596 1595)
4(1095 1096 1597 1596)
4(1096 1097 1598 1597)
4(1097 1098 1599 1598)
4(1098 1099 1600 1599)
4(1099 1100 1601 1600)
4(1100 1101 1602 1601)
4(1101 1102 1603 1602)
4(1102 1103 1604 1603)
4(1103 1104 1605 1604)
4(1104 1105 1606 1605)
4(1105 1106 1607 1606)
4(1106 1107 1608 1607)
4(1107 1108 1609 1608)
4(1108 1109 1610 1609)
4(1109 1110 1611 1610)
4(1110 1111 1612 1611)
4(1111 1112 1613 1612)
4(1112 1113 1614 1613)
4(1113 1114 1615 1614)
4(1114 1115 1616 1615)
4(1115 1116 1617 1616)
4(1116 1117 1618 1617)
4(1117 1118 1619 1618)
4(1118 1119 1620 1619)
4(1119 1120 1621 1620)
4(1120 1121 1622 1621)
4(1121 1122 1623 1622)
4(1122 1123 1624 1623)
4(1123 1124 1625 1624)
4(1124 1125 1626 1625)
4(1125 1126 1627 1626)
4(1126 1127 1628 1627)
4(1127 1128 1629 1628)
4(1128 1129 1630 1629)
4(1129 1130 1631 1630)
4(1130 1131 1632 1631)
4(1131 1132 1633 1632)
4(1132 1133 1634 1633)
4(1133 1134 1635 1634)
4(1134 1135 1636 1635)
4(1135 1136 1637 1636)
4(1136 1137 1638 1637)
4(1137 1138 1639 1638)
4(1138 1139 1640 1639)
4(1139 1140 1641 1640)
4(1140 1141 1642 1641)
4(1141 1142 1643 1642)
4(1142 1143 1644 1643)
4(1143 1144 1645 1644)
4(1144 1145 1646 1645)
4(1145 1146 1647 1646)
4(1146 1147 1648 1647)
4(1147 1148 1649 1648)
4(1148 1149 1650 1649)
4(1149 1150 1651 1650)
4(1150 1151 1652 1651)
4(1151 1152 1653 1652)
4(1152 1153 1654 1653)
4(1153 1154 1655 1654)
4(1154 1155 1656 1655)
4(1155 1156 1657 1656)
4(1156 1157 1658 1657)
4(1157 1158 1659 1658)
4(1158 1159 1660 1659)
4(1159 1160 1661 1660)
4(1160 1161 1662 1661)
4(1161 1162 1663 1662)
4(1162 1163 1664 1663)
4(1163 1164 1665 1664)
4(1164 1165 1666 1665)
4(1165 1166 1667 1666)
4(1166 1167 1668 1667)
4(1167 1168 1669 1668)
4(1168 1169 1670 1669)
4(1169 1170 1671 1670)
4(1170 1171 1672 1671)
4(1171 1172 1673 1672)
4(1172 1173 1674 1673)
4(1173 1174 1675 1674)
4(1174 1175 1676 1675)
4(1175 1176 1677 1676)
4(1176 1177 1678 1677)
4(1177 1178 1679 1678)
4(1178 1179 1680 1679)
4(1179 1180 1681 1680)
4(1180 1181 1682 1681)
4(1181 1182 1683 1682)
4(1182 1183 1684 1683)
4(1183 1184 1685 1684)
4(1184 1185 1686 1685)
4(1185 1186 1687 1686)
4(1186 1187 1688 1687)
4(1187 1188 1689 1688)
4(1188 1189 1690 1689)
4(1189 1190 1691 1690)
4(1190 1191 1692 1691)
4(1191 1192 1693 1692)
4(1192 1193 1694 1693)
4(1193 1194 1695 1694)
4(1194 1195 1696 1695)
4(1195 1196 1697 1696)
4(1196 1197 1698 1697)
4(1197 1198 1699 1698)
4(1198 1199 1700 1699)
4(1199 1200 1701 1700)
4(1200 1201 1702 1701)
4(1201 1202 1703 1702)
4(1202 1203 1704 1703)
4(1203 1204 1705 1704)
4(1204 1205 1706 1705)
4(1205 1206 1707 1706)
4(1206 1207 1708 1707)
4(1207 1208 1709 1708)
4(1208 1209 1710 1709)
4(1209 1210 1711 1710)
4(1210 1211 1712 1711)
4(1211 1212 1713 1712)
4(1212 1213 1714 1713)
4(1213 1214 1715 1714)
4(1214 1215 1716 1715)
4(1215 1216 1717 1716)
4(1216 1217 1718 1717)
4(1217 1218 1719 1718)
4(1218 1219 1720 1719)
4(1219 1220 1721 1720)
4(1220 1221 1722 1721)
4(1221 1222 1723 1722)
4(1222 1223 1724 1723)
4(1223 1224 1725 1724)
4(1224 1225 1726 1725)
4(1225 1226 1727 1726)
4(1226 1227 1728 1727)
4(1227 1228 1729 1728)
4(1228 1229 1730 1729)
4(1229 1230 1731 1730)
4(1230 1231 1732 1731)
4(1231 1232 1733 1732)
4(1232 1233 1734 1733)
4(1233 1234 1735 1734)
4(1234 1235 1736 1735)
4(1235 1236 1737 1736)
4(1236 1237 1738 1737)
4(1237 1238 1739 1738)
4(1238 1239 1740 1739)
4(1239 1240 1741 1740)
4(1240 1241 1742 1741)
4(1241 1242 1743 1742)
4(1242 1243 1744 1743)
4(1243 1244 1745 1744)
4(1244 1245 1746 1745)
4(1245 1246 1747 1746)
4(1246 1247 1748 1747)
4(1247 1248 1749 1748)
4(1248 1249 1750 1749)
4(1249 1250 1751 1750)
4(1250 1251 1752 1751)
4(1251 1252 1753 1752)
4(1252 1253 1754 1753)
4(1253 1254 1755 1754)
4(1254 1255 1756 1755)
4(1255 1256 1757 1756)
4(1256 1257 1758 1757)
4(1257 1258 1759 1758)
4(1258 1259 1760 1759)
4(1259 1260 1761 1760)
4(1260 1261 1762 1761)
4(1261 1262 1763 1762)
4(1262 1263 1764 1763)
4(1263 1264 1765 1764)
4(1264 1265 1766 1765)
4(1265 1266 1767 1766)
4(1266 1267 1768 1767)
4(1267 1268 1769 1768)
4(1268 1269 1770 1769)
4(1269 1270 1771 1770)
4(1270 1271 1772 1771)
4(1271 1272 1773 1772)
4(1272 1273 1774 1773)
4(1273 1274 1775 1774)
4(1274 1275 1776 1775)
4(1275 1276 1777 1776)
4(1276 1277 1778 1777)
4(1277 1278 1779 1778)
4(1278 1279 1780 1779)
4(1279 1280 1781 1780)
4(1280 1281 1782 1781)
4(1281 1282 1783 1782)
4(1282 1283 1784 1783)
4(1283 1284 1785 1784)
4(1284 1285 1786 1785)
4(1285 1286 1787 1786)
4(1286 1287 1788 1787)
4(1287 1288 1789 1788)
4(1288 1289 1790 1789)
4(1289 1290 1791 1790)
4(1290 1291 1792 1791)
4(1291 1292 1793 1792)
4(1292 1293 1794 1793)
4(1293 1294 1795 1794)
4(1294 1295 1796 1795)
4(1295 1296 1797 1796)
4(1296 1297 1798 1797)
4(1297 1298 1799 1798)
4(1298 1299 1800 1799)
4(1299 1300 1801 1800)
4(1300 1301 1802 1801)
4(1301 1302 1803 1802)
4(1302 1303 1804 1803)
4(1303 1304 1805 1804)
4(1304 1305 1806 1805)
4(1305 1306 1807 1806)
4(1306 1307 1808 1807)
4(1307 1308 1809 1808)
4(1308 1309 1810 1809)
4(1309 1310 1811 1810)
4(1310 1311 1812 1811)
4(1311 1312 1813 1812)
4(1312 1313 1814 1813)
4(1313 1314 1815 1814)
4(1314 1315 1816 1815)
4(1315 1316 1817 1816)
4(1316 1317 1818 1817)
4(1317 1318 1819 1818)
4(1318 1319 1820 1819)
4(1319 1320 1821 1820)
4(1320 1321 1822 1821)
4(1321 1322 1823 1822)
4(1322 1323 1824 1823)
4(1323 1324 1825 1824)
4(1324 1325 1826 1825)
4(1325 1326 1827 1826)
4(1326 1327 1828 1827)
4(1327 1328 1829 1828)
4(1328 1329 1830 1829)
4(1329 1330 1831 1830)
4(1330 1331 1832 1831)
4(1331 1332 1833 1832)
4(1332 1333 1834 1833)
4(1333 1334 1835 1834)
4(1334 1335 1836 1835)
4(1335 1336 1837 1836)
4(1336 1337 1838 1837)
4(1337 1338 1839 1838)
4(1338 1339 1840 1839)
4(1339 1340 1841 1840)
4(1340 1341 1842 1841)
4(1341 1342 1843 1842)
4(1342 1343 1844 1843)
4(1343 1344 1845 1844)
4(1344 1345 1846 1845)
4(1345 1346 1847 1846)
4(1346 1347 1848 1847)
4(1347 1348 1849 1848)
4(1348 1349 1850 1849)
4(1349 1350 1851 1850)
4(1350 1351 1852 1851)
4(1351 1352 1853 1852)
4(1352 1353 1854 1853)
4(1353 1354 1855 1854)
4(1354 1355 1856 1855)
4(1355 1356 1857 1856)
4(1356 1357 1858 1857)
4(1357 1358 1859 1858)
4(1358 1359 1860 1859)
4(1359 1360 1861 1860)
4(1360 1361 1862 1861)
4(1361 1362 1863 1862)
4(1362 1363 1864 1863)
4(1363 1364 1865 1864)
4(1364 1365 1866 1865)
4(1365 1366 1867 1866)
4(1366 1367 1868 1867)
4(1367 1368 1869 1868)
4(1368 1369 1870 1869)
4(1369 1370 1871 1870)
4(1370 1371 1872 1871)
4(1371 1372 1873 1872)
4(1372 1373 1874 1873)
4(1373 1374 1875 1874)
4(1374 1375 1876 1875)
4(1375 1376 1877 1876)
4(1376 1377 1878 1877)
4(1377 1378 1879 1878)
4(1378 1379 1880 1879)
4(1379 1380 1881 1880)
4(1380 1381 1882 1881)
4(1381 1382 1883 1882)
4(1382 1383 1884 1883)
4(1383 1384 1885 1884)
4(1384 1385 1886 1885)
4(1385 1386 1887 1886)
4(1386 1387 1888 1887)
4(1387 1388 1889 1888)
4(1388 1389 1890 1889)
4(1389 1390 1891 1890)
4(1390 1391 1892 1891)
4(1391 1392 1893 1892)
4(1392 1393 1894 1893)
4(1393 1394 1895 1894)
4(1394 1395 1896 1895)
4(1395 1396 1897 1896)
4(1396 1397 1898 1897)
4(1397 1398 1899 1898)
4(1398 1399 1900 1899)
4(1399 1400 1901 1900)
4(1400 1401 1902 1901)
4(1401 1402 1903 1902)
4(1402 1403 1904 1903)
4(1403 1404 1905 1904)
4(1404 1405 1906 1905)
4(1405 1406 1907 1906)
4(1406 1407 1908 1907)
4(1407 1408 1909 1908)
4(1408 1409 1910 1909)
4(1409 1410 1911 1910)
4(1410 1411 1912 1911)
4(1411 1412 1913 1912)
4(1412 1413 1914 1913)
4(1413 1414 1915 1914)
4(1414 1415 1916 1915)
4(1415 1416 1917 1916)
4(1416 1417 1918 1917)
4(1417 1418 1919 1918)
4(1418 1419 1920 1919)
4(1419 1420 1921 1920)
4(1420 1421 1922 1921)
4(1421 1422 1923 1922)
4(1422 1423 1924 1923)
4(1423 1424 1925 1924)
4(1424 1425 1926 1925)
4(1425 1426 1927 1926)
4(1426 1427 1928 1927)
4(1427 1428 1929 1928)
4(1428 1429 1930 1929)
4(1429 1430 1931 1930)
4(1430 1431 1932 1931)
4(1431 1432 1933 1932)
4(1432 1433 1934 1933)
4(1433 1434 1935 1934)
4(1434 1435 1936 1935)
4(1435 1436 1937 1936)
4(1436 1437 1938 1937)
4(1437 1438 1939 1938)
4(1438 1439 1940 1939)
4(1439 1440 1941 1940)
4(1440 1441 1942 1941)
4(1441 1442 1943 1942)
4(1442 1443 1944 1943)
4(1443 1444 1945 1944)
4(1444 1445 1946 1945)
4(1445 1446 1947 1946)
4(1446 1447 1948 1947)
4(1447 1448 1949 1948)
4(1448 1449 1950 1949)
4(1449 1450 1951 1950)
4(1450 1451 1952 1951)
4(1451 1452 1953 1952)
4(1452 1453 1954 1953)
4(1453 1454 1955 1954)
4(1454 1455 1956 1955)
4(1455 1456 1957 1956)
4(1456 1457 1958 1957)
4(1457 1458 1959 1958)
4(1458 1459 1960 1959)
4(1459 1460 1961 1960)
4(1460 1461 1962 1961)
4(1461 1462 1963 1962)
4(1462 1463 1964 1963)
4(1463 1464 1965 1964)
4(1464 1465 1966 1965)
4(1465 1466 1967 1966)
4(1466 1467 1968 1967)
4(1467 1468 1969 1968)
4(1468 1469 1970 1969)
4(1469 1470 1971 1970)
4(1470 1471 1972 1971)
4(1471 1472 1973 1972)
4(1472 1473 1974 1973)
4(1473 1474 1975 1974)
4(1474 1475 1976 1975)
4(1475 1476 1977 1976)
4(1476 1477 1978 1977)
4(1477 1478 1979 1978)
4(1478 1479 1980 1979)
4(1479 1480 1981 1980)
4(1480 1481 1982 1981)
4(1481 1482 1983 1982)
4(1482 1483 1984 1983)
4(1483 1484 1985 1984)
4(1484 1485 1986 1985)
4(1485 1486 1987 1986)
4(1486 1487 1988 1987)
4(1487 1488 1989 1988)
4(1488 1489 1990 1989)
4(1489 1490 1991 1990)
4(1490 1491 1992 1991)
4(1491 1492 1993 1992)
4(1492 1493 1994 1993)
4(1493 1494 1995 1994)
4(1494 1495 1996 1995)
4(1495 1496 1997 1996)
4(1496 1497 1998 1997)
4(1497 1498 1999 1998)
4(1498 1499 2000 1999)
4(1499 1500 2001 2000)
4(1500 1501 2002 2001)
4(1501 1502 2003 2002)
4(0 501 502 1)
4(1 502 503 2)
4(2 503 504 3)
4(3 504 505 4)
4(4 505 506 5)
4(5 506 507 6)
4(6 507 508 7)
4(7 508 509 8)
4(8 509 510 9)
4(9 510 511 10)
4(10 511 512 11)
4(11 512 513 12)
4(12 513 514 13)
4(13 514 515 14)
4(14 515 516 15)
4(15 516 517 16)
4(16 517 518 17)
4(17 518 519 18)
4(18 519 520 19)
4(19 520 521 20)
4(20 521 522 21)
4(21 522 523 22)
4(22 523 524 23)
4(23 524 525 24)
4(24 525 526 25)
4(25 526 527 26)
4(26 527 528 27)
4(27 528 529 28)
4(28 529 530 29)
4(29 530 531 30)
4(30 531 532 31)
4(31 532 533 32)
4(32 533 534 33)
4(33 534 535 34)
4(34 535 536 35)
4(35 536 537 36)
4(36 537 538 37)
4(37 538 539 38)
4(38 539 540 39)
4(39 540 541 40)
4(40 541 542 41)
4(41 542 543 42)
4(42 543 544 43)
4(43 544 545 44)
4(44 545 546 45)
4(45 546 547 46)
4(46 547 548 47)
4(47 548 549 48)
4(48 549 550 49)
4(49 550 551 50)
4(50 551 552 51)
4(51 552 553 52)
4(52 553 554 53)
4(53 554 555 54)
4(54 555 556 55)
4(55 556 557 56)
4(56 557 558 57)
4(57 558 559 58)
4(58 559 560 59)
4(59 560 561 60)
4(60 561 562 61)
4(61 562 563 62)
4(62 563 564 63)
4(63 564 565 64)
4(64 565 566 65)
4(65 566 567 66)
4(66 567 568 67)
4(67 568 569 68)
4(68 569 570 69)
4(69 570 571 70)
4(70 571 572 71)
4(71 572 573 72)
4(72 573 574 73)
4(73 574 575 74)
4(74 575 576 75)
4(75 576 577 76)
4(76 577 578 77)
4(77 578 579 78)
4(78 579 580 79)
4(79 580 581 80)
4(80 581 582 81)
4(81 582 583 82)
4(82 583 584 83)
4(83 584 585 84)
4(84 585 586 85)
4(85 586 587 86)
4(86 587 588 87)
4(87 588 589 88)
4(88 589 590 89)
4(89 590 591 90)
4(90 591 592 91)
4(91 592 593 92)
4(92 593 594 93)
4(93 594 595 94)
4(94 595 596 95)
4(95 596 597 96)
4(96 597 598 97)
4(97 598 599 98)
4(98 599 600 99)
4(99 600 601 100)
4(100 601 602 101)
4(101 602 603 102)
4(102 603 604 103)
4(103 604 605 104)
4(104 605 606 105)
4(105 606 607 106)
4(106 607 608 107)
4(107 608 609 108)
4(108 609 610 109)
4(109 610 611 110)
4(110 611 612 111)
4(111 612 613 112)
4(112 613 614 113)
4(113 614 615 114)
4(114 615 616 115)
4(115 616 617 116)
4(116 617 618 117)
4(117 618 619 118)
4(118 619 620 119)
4(119 620 621 120)
4(120 621 622 121)
4(121 622 623 122)
4(122 623 624 123)
4(123 624 625 124)
4(124 625 626 125)
4(125 626 627 126)
4(126 627 628 127)
4(127 628 629 128)
4(128 629 630 129)
4(129 630 631 130)
4(130 631 632 131)
4(131 632 633 132)
4(132 633 634 133)
4(133 634 635 134)
4(134 635 636 135)
4(135 636 637 136)
4(136 637 638 137)
4(137 638 639 138)
4(138 639 640 139)
4(139 640 641 140)
4(140 641 642 141)
4(141 642 643 142)
4(142 643 644 143)
4(143 644 645 144)
4(144 645 646 145)
4(145 646 647 146)
4(146 647 648 147)
4(147 648 649 148)
4(148 649 650 149)
4(149 650 651 150)
4(150 651 652 151)
4(151 652 653 152)
4(152 653 654 153)
4(153 654 655 154)
4(154 655 656 155)
4(155 656 657 156)
4(156 657 658 157)
4(157 658 659 158)
4(158 659 660 159)
4(159 660 661 160)
4(160 661 662 161)
4(161 662 663 162)
4(162 663 664 163)
4(163 664 665 164)
4(164 665 666 165)
4(165 666 667 166)
4(166 667 668 167)
4(167 668 669 168)
4(168 669 670 169)
4(169 670 671 170)
4(170 671 672 171)
4(171 672 673 172)
4(172 673 674 173)
4(173 674 675 174)
4(174 675 676 175)
4(175 676 677 176)
4(176 677 678 177)
4(177 678 679 178)
4(178 679 680 179)
4(179 680 681 180)
4(180 681 682 181)
4(181 682 683 182)
4(182 683 684 183)
4(183 684 685 184)
4(184 685 686 185)
4(185 686 687 186)
4(186 687 688 187)
4(187 688 689 188)
4(188 689 690 189)
4(189 690 691 190)
4(190 691 692 191)
4(191 692 693 192)
4(192 693 694 193)
4(193 694 695 194)
4(194 695 696 195)
4(195 696 697 196)
4(196 697 698 197)
4(197 698 699 198)
4(198 699 700 199)
4(199 700 701 200)
4(200 701 702 201)
4(201 702 703 202)
4(202 703 704 203)
4(203 704 705 204)
4(204 705 706 205)
4(205 706 707 206)
4(206 707 708 207)
4(207 708 709 208)
4(208 709 710 209)
4(209 710 711 210)
4(210 711 712 211)
4(211 712 713 212)
4(212 713 714 213)
4(213 714 715 214)
4(214 715 716 215)
4(215 716 717 216)
4(216 717 718 217)
4(217 718 719 218)
4(218 719 720 219)
4(219 720 721 220)
4(220 721 722 221)
4(221 722 723 222)
4(222 723 724 223)
4(223 724 725 224)
4(224 725 726 225)
4(225 726 727 226)
4(226 727 728 227)
4(227 728 729 228)
4(228 729 730 229)
4(229 730 731 230)
4(230 731 732 231)
4(231 732 733 232)
4(232 733 734 233)
4(233 734 735 234)
4(234 735 736 235)
4(235 736 737 236)
4(236 737 738 237)
4(237 738 739 238)
4(238 739 740 239)
4(239 740 741 240)
4(240 741 742 241)
4(241 742 743 242)
4(242 743 744 243)
4(243 744 745 244)
4(244 745 746 245)
4(245 746 747 246)
4(246 747 748 247)
4(247 748 749 248)
4(248 749 750 249)
4(249 750 751 250)
4(250 751 752 251)
4(251 752 753 252)
4(252 753 754 253)
4(253 754 755 254)
4(254 755 756 255)
4(255 756 757 256)
4(256 757 758 257)
4(257 758 759 258)
4(258 759 760 259)
4(259 760 761 260)
4(260 761 762 261)
4(261 762 763 262)
4(262 763 764 263)
4(263 764 765 264)
4(264 765 766 265)
4(265 766 767 266)
4(266 767 768 267)
4(267 768 769 268)
4(268 769 770 269)
4(269 770 771 270)
4(270 771 772 271)
4(271 772 773 272)
4(272 773 774 273)
4(273 774 775 274)
4(274 775 776 275)
4(275 776 777 276)
4(276 777 778 277)
4(277 778 779 278)
4(278 779 780 279)
4(279 780 781 280)
4(280 781 782 281)
4(281 782 783 282)
4(282 783 784 283)
4(283 784 785 284)
4(284 785 786 285)
4(285 786 787 286)
4(286 787 788 287)
4(287 788 789 288)
4(288 789 790 289)
4(289 790 791 290)
4(290 791 792 291)
4(291 792 793 292)
4(292 793 794 293)
4(293 794 795 294)
4(294 795 796 295)
4(295 796 797 296)
4(296 797 798 297)
4(297 798 799 298)
4(298 799 800 299)
4(299 800 801 300)
4(300 801 802 301)
4(301 802 803 302)
4(302 803 804 303)
4(303 804 805 304)
4(304 805 806 305)
4(305 806 807 306)
4(306 807 808 307)
4(307 808 809 308)
4(308 809 810 309)
4(309 810 811 310)
4(310 811 812 311)
4(311 812 813 312)
4(312 813 814 313)
4(313 814 815 314)
4(314 815 816 315)
4(315 816 817 316)
4(316 817 818 317)
4(317 818 819 318)
4(318 819 820 319)
4(319 820 821 320)
4(320 821 822 321)
4(321 822 823 322)
4(322 823 824 323)
4(323 824 825 324)
4(324 825 826 325)
4(325 826 827 326)
4(326 827 828 327)
4(327 828 829 328)
4(328 829 830 329)
4(329 830 831 330)
4(330 831 832 331)
4(331 832 833 332)
4(332 833 834 333)
4(333 834 835 334)
4(334 835 836 335)
4(335 836 837 336)
4(336 837 838 337)
4(337 838 839 338)
4(338 839 840 339)
4(339 840 841 340)
4(340 841 842 341)
4(341 842 843 342)
4(342 843 844 343)
4(343 844 845 344)
4(344 845 846 345)
4(345 846 847 346)
4(346 847 848 347)
4(347 848 849 348)
4(348 849 850 349)
4(349 850 851 350)
4(350 851 852 351)
4(351 852 853 352)
4(352 853 854 353)
4(353 854 855 354)
4(354 855 856 355)
4(355 856 857 356)
4(356 857 858 357)
4(357 858 859 358)
4(358 859 860 359)
4(359 860 861 360)
4(360 861 862 361)
4(361 862 863 362)
4(362 863 864 363)
4(363 864 865 364)
4(364 865 866 365)
4(365 866 867 366)
4(366 867 868 367)
4(367 868 869 368)
4(368 869 870 369)
4(369 870 871 370)
4(370 871 872 371)
4(371 872 873 372)
4(372 873 874 373)
4(373 874 875 374)
4(374 875 876 375)
4(375 876 877 376)
4(376 877 878 377)
4(377 878 879 378)
4(378 879 880 379)
4(379 880 881 380)
4(380 881 882 381)
4(381 882 883 382)
4(382 883 884 383)
4(383 884 885 384)
4(384 885 886 385)
4(385 886 887 386)
4(386 887 888 387)
4(387 888 889 388)
4(388 889 890 389)
4(389 890 891 390)
4(390 891 892 391)
4(391 892 893 392)
4(392 893 894 393)
4(393 894 895 394)
4(394 895 896 395)
4(395 896 897 396)
4(396 897 898 397)
4(397 898 899 398)
4(398 899 900 399)
4(399 900 901 400)
4(400 901 902 401)
4(401 902 903 402)
4(402 903 904 403)
4(403 904 905 404)
4(404 905 906 405)
4(405 906 907 406)
4(406 907 908 407)
4(407 908 909 408)
4(408 909 910 409)
4(409 910 911 410)
4(410 911 912 411)
4(411 912 913 412)
4(412 913 914 413)
4(413 914 915 414)
4(414 915 916 415)
4(415 916 917 416)
4(416 917 918 417)
4(417 918 919 418)
4(418 919 920 419)
4(419 920 921 420)
4(420 921 922 421)
4(421 922 923 422)
4(422 923 924 423)
4(423 924 925 424)
4(424 925 926 425)
4(425 926 927 426)
4(426 927 928 427)
4(427 928 929 428)
4(428 929 930 429)
4(429 930 931 430)
4(430 931 932 431)
4(431 932 933 432)
4(432 933 934 433)
4(433 934 935 434)
4(434 935 936 435)
4(435 936 937 436)
4(436 937 938 437)
4(437 938 939 438)
4(438 939 940 439)
4(439 940 941 440)
4(440 941 942 441)
4(441 942 943 442)
4(442 943 944 443)
4(443 944 945 444)
4(444 945 946 445)
4(445 946 947 446)
4(446 947 948 447)
4(447 948 949 448)
4(448 949 950 449)
4(449 950 951 450)
4(450 951 952 451)
4(451 952 953 452)
4(452 953 954 453)
4(453 954 955 454)
4(454 955 956 455)
4(455 956 957 456)
4(456 957 958 457)
4(457 958 959 458)
4(458 959 960 459)
4(459 960 961 460)
4(460 961 962 461)
4(461 962 963 462)
4(462 963 964 463)
4(463 964 965 464)
4(464 965 966 465)
4(465 966 967 466)
4(466 967 968 467)
4(467 968 969 468)
4(468 969 970 469)
4(469 970 971 470)
4(470 971 972 471)
4(471 972 973 472)
4(472 973 974 473)
4(473 974 975 474)
4(474 975 976 475)
4(475 976 977 476)
4(476 977 978 477)
4(477 978 979 478)
4(478 979 980 479)
4(479 980 981 480)
4(480 981 982 481)
4(481 982 983 482)
4(482 983 984 483)
4(483 984 985 484)
4(484 985 986 485)
4(485 986 987 486)
4(486 987 988 487)
4(487 988 989 488)
4(488 989 990 489)
4(489 990 991 490)
4(490 991 992 491)
4(491 992 993 492)
4(492 993 994 493)
4(493 994 995 494)
4(494 995 996 495)
4(495 996 997 496)
4(496 997 998 497)
4(497 998 999 498)
4(498 999 1000 499)
4(499 1000 1001 500)
)


// ************************************************************************* //
