/*--------------------------------*- C++ -*----------------------------------*\
  =========                 |
  \\      /  F ield         | OpenFOAM: The Open Source CFD Toolbox
   \\    /   O peration     | Website:  https://openfoam.org
    \\  /    A nd           | Version:  8
     \\/     M anipulation  |
\*---------------------------------------------------------------------------*/
FoamFile
{
    version     2.0;
    format      ascii;
    class       vectorField;
    location    "constant/polyMesh";
    object      points;
}
// * * * * * * * * * * * * * * * * * * * * * * * * * * * * * * * * * * * * * //


4004
(
(0 -0.01 -0.01)
(1e-05 -0.01 -0.01)
(2e-05 -0.01 -0.01)
(3e-05 -0.01 -0.01)
(4e-05 -0.01 -0.01)
(5e-05 -0.01 -0.01)
(6e-05 -0.01 -0.01)
(7e-05 -0.01 -0.01)
(8e-05 -0.01 -0.01)
(9e-05 -0.01 -0.01)
(0.0001 -0.01 -0.01)
(0.00011 -0.01 -0.01)
(0.00012 -0.01 -0.01)
(0.00013 -0.01 -0.01)
(0.00014 -0.01 -0.01)
(0.00015 -0.01 -0.01)
(0.00016 -0.01 -0.01)
(0.00017 -0.01 -0.01)
(0.00018 -0.01 -0.01)
(0.00019 -0.01 -0.01)
(0.0002 -0.01 -0.01)
(0.00021 -0.01 -0.01)
(0.00022 -0.01 -0.01)
(0.00023 -0.01 -0.01)
(0.00024 -0.01 -0.01)
(0.00025 -0.01 -0.01)
(0.00026 -0.01 -0.01)
(0.00027 -0.01 -0.01)
(0.00028 -0.01 -0.01)
(0.00029 -0.01 -0.01)
(0.0003 -0.01 -0.01)
(0.00031 -0.01 -0.01)
(0.00032 -0.01 -0.01)
(0.00033 -0.01 -0.01)
(0.00034 -0.01 -0.01)
(0.00035 -0.01 -0.01)
(0.00036 -0.01 -0.01)
(0.00037 -0.01 -0.01)
(0.00038 -0.01 -0.01)
(0.00039 -0.01 -0.01)
(0.0004 -0.01 -0.01)
(0.00041 -0.01 -0.01)
(0.00042 -0.01 -0.01)
(0.00043 -0.01 -0.01)
(0.00044 -0.01 -0.01)
(0.00045 -0.01 -0.01)
(0.00046 -0.01 -0.01)
(0.00047 -0.01 -0.01)
(0.00048 -0.01 -0.01)
(0.00049 -0.01 -0.01)
(0.0005 -0.01 -0.01)
(0.00051 -0.01 -0.01)
(0.00052 -0.01 -0.01)
(0.00053 -0.01 -0.01)
(0.00054 -0.01 -0.01)
(0.00055 -0.01 -0.01)
(0.00056 -0.01 -0.01)
(0.00057 -0.01 -0.01)
(0.00058 -0.01 -0.01)
(0.00059 -0.01 -0.01)
(0.0006 -0.01 -0.01)
(0.00061 -0.01 -0.01)
(0.00062 -0.01 -0.01)
(0.00063 -0.01 -0.01)
(0.00064 -0.01 -0.01)
(0.00065 -0.01 -0.01)
(0.00066 -0.01 -0.01)
(0.00067 -0.01 -0.01)
(0.00068 -0.01 -0.01)
(0.00069 -0.01 -0.01)
(0.0007 -0.01 -0.01)
(0.00071 -0.01 -0.01)
(0.00072 -0.01 -0.01)
(0.00073 -0.01 -0.01)
(0.00074 -0.01 -0.01)
(0.00075 -0.01 -0.01)
(0.00076 -0.01 -0.01)
(0.00077 -0.01 -0.01)
(0.00078 -0.01 -0.01)
(0.00079 -0.01 -0.01)
(0.0008 -0.01 -0.01)
(0.00081 -0.01 -0.01)
(0.00082 -0.01 -0.01)
(0.00083 -0.01 -0.01)
(0.00084 -0.01 -0.01)
(0.00085 -0.01 -0.01)
(0.00086 -0.01 -0.01)
(0.00087 -0.01 -0.01)
(0.00088 -0.01 -0.01)
(0.00089 -0.01 -0.01)
(0.0009 -0.01 -0.01)
(0.00091 -0.01 -0.01)
(0.00092 -0.01 -0.01)
(0.00093 -0.01 -0.01)
(0.00094 -0.01 -0.01)
(0.00095 -0.01 -0.01)
(0.00096 -0.01 -0.01)
(0.00097 -0.01 -0.01)
(0.00098 -0.01 -0.01)
(0.00099 -0.01 -0.01)
(0.001 -0.01 -0.01)
(0.00101 -0.01 -0.01)
(0.00102 -0.01 -0.01)
(0.00103 -0.01 -0.01)
(0.00104 -0.01 -0.01)
(0.00105 -0.01 -0.01)
(0.00106 -0.01 -0.01)
(0.00107 -0.01 -0.01)
(0.00108 -0.01 -0.01)
(0.00109 -0.01 -0.01)
(0.0011 -0.01 -0.01)
(0.00111 -0.01 -0.01)
(0.00112 -0.01 -0.01)
(0.00113 -0.01 -0.01)
(0.00114 -0.01 -0.01)
(0.00115 -0.01 -0.01)
(0.00116 -0.01 -0.01)
(0.00117 -0.01 -0.01)
(0.00118 -0.01 -0.01)
(0.00119 -0.01 -0.01)
(0.0012 -0.01 -0.01)
(0.00121 -0.01 -0.01)
(0.00122 -0.01 -0.01)
(0.00123 -0.01 -0.01)
(0.00124 -0.01 -0.01)
(0.00125 -0.01 -0.01)
(0.00126 -0.01 -0.01)
(0.00127 -0.01 -0.01)
(0.00128 -0.01 -0.01)
(0.00129 -0.01 -0.01)
(0.0013 -0.01 -0.01)
(0.00131 -0.01 -0.01)
(0.00132 -0.01 -0.01)
(0.00133 -0.01 -0.01)
(0.00134 -0.01 -0.01)
(0.00135 -0.01 -0.01)
(0.00136 -0.01 -0.01)
(0.00137 -0.01 -0.01)
(0.00138 -0.01 -0.01)
(0.00139 -0.01 -0.01)
(0.0014 -0.01 -0.01)
(0.00141 -0.01 -0.01)
(0.00142 -0.01 -0.01)
(0.00143 -0.01 -0.01)
(0.00144 -0.01 -0.01)
(0.00145 -0.01 -0.01)
(0.00146 -0.01 -0.01)
(0.00147 -0.01 -0.01)
(0.00148 -0.01 -0.01)
(0.00149 -0.01 -0.01)
(0.0015 -0.01 -0.01)
(0.00151 -0.01 -0.01)
(0.00152 -0.01 -0.01)
(0.00153 -0.01 -0.01)
(0.00154 -0.01 -0.01)
(0.00155 -0.01 -0.01)
(0.00156 -0.01 -0.01)
(0.00157 -0.01 -0.01)
(0.00158 -0.01 -0.01)
(0.00159 -0.01 -0.01)
(0.0016 -0.01 -0.01)
(0.00161 -0.01 -0.01)
(0.00162 -0.01 -0.01)
(0.00163 -0.01 -0.01)
(0.00164 -0.01 -0.01)
(0.00165 -0.01 -0.01)
(0.00166 -0.01 -0.01)
(0.00167 -0.01 -0.01)
(0.00168 -0.01 -0.01)
(0.00169 -0.01 -0.01)
(0.0017 -0.01 -0.01)
(0.00171 -0.01 -0.01)
(0.00172 -0.01 -0.01)
(0.00173 -0.01 -0.01)
(0.00174 -0.01 -0.01)
(0.00175 -0.01 -0.01)
(0.00176 -0.01 -0.01)
(0.00177 -0.01 -0.01)
(0.00178 -0.01 -0.01)
(0.00179 -0.01 -0.01)
(0.0018 -0.01 -0.01)
(0.00181 -0.01 -0.01)
(0.00182 -0.01 -0.01)
(0.00183 -0.01 -0.01)
(0.00184 -0.01 -0.01)
(0.00185 -0.01 -0.01)
(0.00186 -0.01 -0.01)
(0.00187 -0.01 -0.01)
(0.00188 -0.01 -0.01)
(0.00189 -0.01 -0.01)
(0.0019 -0.01 -0.01)
(0.00191 -0.01 -0.01)
(0.00192 -0.01 -0.01)
(0.00193 -0.01 -0.01)
(0.00194 -0.01 -0.01)
(0.00195 -0.01 -0.01)
(0.00196 -0.01 -0.01)
(0.00197 -0.01 -0.01)
(0.00198 -0.01 -0.01)
(0.00199 -0.01 -0.01)
(0.002 -0.01 -0.01)
(0.00201 -0.01 -0.01)
(0.00202 -0.01 -0.01)
(0.00203 -0.01 -0.01)
(0.00204 -0.01 -0.01)
(0.00205 -0.01 -0.01)
(0.00206 -0.01 -0.01)
(0.00207 -0.01 -0.01)
(0.00208 -0.01 -0.01)
(0.00209 -0.01 -0.01)
(0.0021 -0.01 -0.01)
(0.00211 -0.01 -0.01)
(0.00212 -0.01 -0.01)
(0.00213 -0.01 -0.01)
(0.00214 -0.01 -0.01)
(0.00215 -0.01 -0.01)
(0.00216 -0.01 -0.01)
(0.00217 -0.01 -0.01)
(0.00218 -0.01 -0.01)
(0.00219 -0.01 -0.01)
(0.0022 -0.01 -0.01)
(0.00221 -0.01 -0.01)
(0.00222 -0.01 -0.01)
(0.00223 -0.01 -0.01)
(0.00224 -0.01 -0.01)
(0.00225 -0.01 -0.01)
(0.00226 -0.01 -0.01)
(0.00227 -0.01 -0.01)
(0.00228 -0.01 -0.01)
(0.00229 -0.01 -0.01)
(0.0023 -0.01 -0.01)
(0.00231 -0.01 -0.01)
(0.00232 -0.01 -0.01)
(0.00233 -0.01 -0.01)
(0.00234 -0.01 -0.01)
(0.00235 -0.01 -0.01)
(0.00236 -0.01 -0.01)
(0.00237 -0.01 -0.01)
(0.00238 -0.01 -0.01)
(0.00239 -0.01 -0.01)
(0.0024 -0.01 -0.01)
(0.00241 -0.01 -0.01)
(0.00242 -0.01 -0.01)
(0.00243 -0.01 -0.01)
(0.00244 -0.01 -0.01)
(0.00245 -0.01 -0.01)
(0.00246 -0.01 -0.01)
(0.00247 -0.01 -0.01)
(0.00248 -0.01 -0.01)
(0.00249 -0.01 -0.01)
(0.0025 -0.01 -0.01)
(0.00251 -0.01 -0.01)
(0.00252 -0.01 -0.01)
(0.00253 -0.01 -0.01)
(0.00254 -0.01 -0.01)
(0.00255 -0.01 -0.01)
(0.00256 -0.01 -0.01)
(0.00257 -0.01 -0.01)
(0.00258 -0.01 -0.01)
(0.00259 -0.01 -0.01)
(0.0026 -0.01 -0.01)
(0.00261 -0.01 -0.01)
(0.00262 -0.01 -0.01)
(0.00263 -0.01 -0.01)
(0.00264 -0.01 -0.01)
(0.00265 -0.01 -0.01)
(0.00266 -0.01 -0.01)
(0.00267 -0.01 -0.01)
(0.00268 -0.01 -0.01)
(0.00269 -0.01 -0.01)
(0.0027 -0.01 -0.01)
(0.00271 -0.01 -0.01)
(0.00272 -0.01 -0.01)
(0.00273 -0.01 -0.01)
(0.00274 -0.01 -0.01)
(0.00275 -0.01 -0.01)
(0.00276 -0.01 -0.01)
(0.00277 -0.01 -0.01)
(0.00278 -0.01 -0.01)
(0.00279 -0.01 -0.01)
(0.0028 -0.01 -0.01)
(0.00281 -0.01 -0.01)
(0.00282 -0.01 -0.01)
(0.00283 -0.01 -0.01)
(0.00284 -0.01 -0.01)
(0.00285 -0.01 -0.01)
(0.00286 -0.01 -0.01)
(0.00287 -0.01 -0.01)
(0.00288 -0.01 -0.01)
(0.00289 -0.01 -0.01)
(0.0029 -0.01 -0.01)
(0.00291 -0.01 -0.01)
(0.00292 -0.01 -0.01)
(0.00293 -0.01 -0.01)
(0.00294 -0.01 -0.01)
(0.00295 -0.01 -0.01)
(0.00296 -0.01 -0.01)
(0.00297 -0.01 -0.01)
(0.00298 -0.01 -0.01)
(0.00299 -0.01 -0.01)
(0.003 -0.01 -0.01)
(0.00301 -0.01 -0.01)
(0.00302 -0.01 -0.01)
(0.00303 -0.01 -0.01)
(0.00304 -0.01 -0.01)
(0.00305 -0.01 -0.01)
(0.00306 -0.01 -0.01)
(0.00307 -0.01 -0.01)
(0.00308 -0.01 -0.01)
(0.00309 -0.01 -0.01)
(0.0031 -0.01 -0.01)
(0.00311 -0.01 -0.01)
(0.00312 -0.01 -0.01)
(0.00313 -0.01 -0.01)
(0.00314 -0.01 -0.01)
(0.00315 -0.01 -0.01)
(0.00316 -0.01 -0.01)
(0.00317 -0.01 -0.01)
(0.00318 -0.01 -0.01)
(0.00319 -0.01 -0.01)
(0.0032 -0.01 -0.01)
(0.00321 -0.01 -0.01)
(0.00322 -0.01 -0.01)
(0.00323 -0.01 -0.01)
(0.00324 -0.01 -0.01)
(0.00325 -0.01 -0.01)
(0.00326 -0.01 -0.01)
(0.00327 -0.01 -0.01)
(0.00328 -0.01 -0.01)
(0.00329 -0.01 -0.01)
(0.0033 -0.01 -0.01)
(0.00331 -0.01 -0.01)
(0.00332 -0.01 -0.01)
(0.00333 -0.01 -0.01)
(0.00334 -0.01 -0.01)
(0.00335 -0.01 -0.01)
(0.00336 -0.01 -0.01)
(0.00337 -0.01 -0.01)
(0.00338 -0.01 -0.01)
(0.00339 -0.01 -0.01)
(0.0034 -0.01 -0.01)
(0.00341 -0.01 -0.01)
(0.00342 -0.01 -0.01)
(0.00343 -0.01 -0.01)
(0.00344 -0.01 -0.01)
(0.00345 -0.01 -0.01)
(0.00346 -0.01 -0.01)
(0.00347 -0.01 -0.01)
(0.00348 -0.01 -0.01)
(0.00349 -0.01 -0.01)
(0.0035 -0.01 -0.01)
(0.00351 -0.01 -0.01)
(0.00352 -0.01 -0.01)
(0.00353 -0.01 -0.01)
(0.00354 -0.01 -0.01)
(0.00355 -0.01 -0.01)
(0.00356 -0.01 -0.01)
(0.00357 -0.01 -0.01)
(0.00358 -0.01 -0.01)
(0.00359 -0.01 -0.01)
(0.0036 -0.01 -0.01)
(0.00361 -0.01 -0.01)
(0.00362 -0.01 -0.01)
(0.00363 -0.01 -0.01)
(0.00364 -0.01 -0.01)
(0.00365 -0.01 -0.01)
(0.00366 -0.01 -0.01)
(0.00367 -0.01 -0.01)
(0.00368 -0.01 -0.01)
(0.00369 -0.01 -0.01)
(0.0037 -0.01 -0.01)
(0.00371 -0.01 -0.01)
(0.00372 -0.01 -0.01)
(0.00373 -0.01 -0.01)
(0.00374 -0.01 -0.01)
(0.00375 -0.01 -0.01)
(0.00376 -0.01 -0.01)
(0.00377 -0.01 -0.01)
(0.00378 -0.01 -0.01)
(0.00379 -0.01 -0.01)
(0.0038 -0.01 -0.01)
(0.00381 -0.01 -0.01)
(0.00382 -0.01 -0.01)
(0.00383 -0.01 -0.01)
(0.00384 -0.01 -0.01)
(0.00385 -0.01 -0.01)
(0.00386 -0.01 -0.01)
(0.00387 -0.01 -0.01)
(0.00388 -0.01 -0.01)
(0.00389 -0.01 -0.01)
(0.0039 -0.01 -0.01)
(0.00391 -0.01 -0.01)
(0.00392 -0.01 -0.01)
(0.00393 -0.01 -0.01)
(0.00394 -0.01 -0.01)
(0.00395 -0.01 -0.01)
(0.00396 -0.01 -0.01)
(0.00397 -0.01 -0.01)
(0.00398 -0.01 -0.01)
(0.00399 -0.01 -0.01)
(0.004 -0.01 -0.01)
(0.00401 -0.01 -0.01)
(0.00402 -0.01 -0.01)
(0.00403 -0.01 -0.01)
(0.00404 -0.01 -0.01)
(0.00405 -0.01 -0.01)
(0.00406 -0.01 -0.01)
(0.00407 -0.01 -0.01)
(0.00408 -0.01 -0.01)
(0.00409 -0.01 -0.01)
(0.0041 -0.01 -0.01)
(0.00411 -0.01 -0.01)
(0.00412 -0.01 -0.01)
(0.00413 -0.01 -0.01)
(0.00414 -0.01 -0.01)
(0.00415 -0.01 -0.01)
(0.00416 -0.01 -0.01)
(0.00417 -0.01 -0.01)
(0.00418 -0.01 -0.01)
(0.00419 -0.01 -0.01)
(0.0042 -0.01 -0.01)
(0.00421 -0.01 -0.01)
(0.00422 -0.01 -0.01)
(0.00423 -0.01 -0.01)
(0.00424 -0.01 -0.01)
(0.00425 -0.01 -0.01)
(0.00426 -0.01 -0.01)
(0.00427 -0.01 -0.01)
(0.00428 -0.01 -0.01)
(0.00429 -0.01 -0.01)
(0.0043 -0.01 -0.01)
(0.00431 -0.01 -0.01)
(0.00432 -0.01 -0.01)
(0.00433 -0.01 -0.01)
(0.00434 -0.01 -0.01)
(0.00435 -0.01 -0.01)
(0.00436 -0.01 -0.01)
(0.00437 -0.01 -0.01)
(0.00438 -0.01 -0.01)
(0.00439 -0.01 -0.01)
(0.0044 -0.01 -0.01)
(0.00441 -0.01 -0.01)
(0.00442 -0.01 -0.01)
(0.00443 -0.01 -0.01)
(0.00444 -0.01 -0.01)
(0.00445 -0.01 -0.01)
(0.00446 -0.01 -0.01)
(0.00447 -0.01 -0.01)
(0.00448 -0.01 -0.01)
(0.00449 -0.01 -0.01)
(0.0045 -0.01 -0.01)
(0.00451 -0.01 -0.01)
(0.00452 -0.01 -0.01)
(0.00453 -0.01 -0.01)
(0.00454 -0.01 -0.01)
(0.00455 -0.01 -0.01)
(0.00456 -0.01 -0.01)
(0.00457 -0.01 -0.01)
(0.00458 -0.01 -0.01)
(0.00459 -0.01 -0.01)
(0.0046 -0.01 -0.01)
(0.00461 -0.01 -0.01)
(0.00462 -0.01 -0.01)
(0.00463 -0.01 -0.01)
(0.00464 -0.01 -0.01)
(0.00465 -0.01 -0.01)
(0.00466 -0.01 -0.01)
(0.00467 -0.01 -0.01)
(0.00468 -0.01 -0.01)
(0.00469 -0.01 -0.01)
(0.0047 -0.01 -0.01)
(0.00471 -0.01 -0.01)
(0.00472 -0.01 -0.01)
(0.00473 -0.01 -0.01)
(0.00474 -0.01 -0.01)
(0.00475 -0.01 -0.01)
(0.00476 -0.01 -0.01)
(0.00477 -0.01 -0.01)
(0.00478 -0.01 -0.01)
(0.00479 -0.01 -0.01)
(0.0048 -0.01 -0.01)
(0.00481 -0.01 -0.01)
(0.00482 -0.01 -0.01)
(0.00483 -0.01 -0.01)
(0.00484 -0.01 -0.01)
(0.00485 -0.01 -0.01)
(0.00486 -0.01 -0.01)
(0.00487 -0.01 -0.01)
(0.00488 -0.01 -0.01)
(0.00489 -0.01 -0.01)
(0.0049 -0.01 -0.01)
(0.00491 -0.01 -0.01)
(0.00492 -0.01 -0.01)
(0.00493 -0.01 -0.01)
(0.00494 -0.01 -0.01)
(0.00495 -0.01 -0.01)
(0.00496 -0.01 -0.01)
(0.00497 -0.01 -0.01)
(0.00498 -0.01 -0.01)
(0.00499 -0.01 -0.01)
(0.005 -0.01 -0.01)
(0.00501 -0.01 -0.01)
(0.00502 -0.01 -0.01)
(0.00503 -0.01 -0.01)
(0.00504 -0.01 -0.01)
(0.00505 -0.01 -0.01)
(0.00506 -0.01 -0.01)
(0.00507 -0.01 -0.01)
(0.00508 -0.01 -0.01)
(0.00509 -0.01 -0.01)
(0.0051 -0.01 -0.01)
(0.00511 -0.01 -0.01)
(0.00512 -0.01 -0.01)
(0.00513 -0.01 -0.01)
(0.00514 -0.01 -0.01)
(0.00515 -0.01 -0.01)
(0.00516 -0.01 -0.01)
(0.00517 -0.01 -0.01)
(0.00518 -0.01 -0.01)
(0.00519 -0.01 -0.01)
(0.0052 -0.01 -0.01)
(0.00521 -0.01 -0.01)
(0.00522 -0.01 -0.01)
(0.00523 -0.01 -0.01)
(0.00524 -0.01 -0.01)
(0.00525 -0.01 -0.01)
(0.00526 -0.01 -0.01)
(0.00527 -0.01 -0.01)
(0.00528 -0.01 -0.01)
(0.00529 -0.01 -0.01)
(0.0053 -0.01 -0.01)
(0.00531 -0.01 -0.01)
(0.00532 -0.01 -0.01)
(0.00533 -0.01 -0.01)
(0.00534 -0.01 -0.01)
(0.00535 -0.01 -0.01)
(0.00536 -0.01 -0.01)
(0.00537 -0.01 -0.01)
(0.00538 -0.01 -0.01)
(0.00539 -0.01 -0.01)
(0.0054 -0.01 -0.01)
(0.00541 -0.01 -0.01)
(0.00542 -0.01 -0.01)
(0.00543 -0.01 -0.01)
(0.00544 -0.01 -0.01)
(0.00545 -0.01 -0.01)
(0.00546 -0.01 -0.01)
(0.00547 -0.01 -0.01)
(0.00548 -0.01 -0.01)
(0.00549 -0.01 -0.01)
(0.0055 -0.01 -0.01)
(0.00551 -0.01 -0.01)
(0.00552 -0.01 -0.01)
(0.00553 -0.01 -0.01)
(0.00554 -0.01 -0.01)
(0.00555 -0.01 -0.01)
(0.00556 -0.01 -0.01)
(0.00557 -0.01 -0.01)
(0.00558 -0.01 -0.01)
(0.00559 -0.01 -0.01)
(0.0056 -0.01 -0.01)
(0.00561 -0.01 -0.01)
(0.00562 -0.01 -0.01)
(0.00563 -0.01 -0.01)
(0.00564 -0.01 -0.01)
(0.00565 -0.01 -0.01)
(0.00566 -0.01 -0.01)
(0.00567 -0.01 -0.01)
(0.00568 -0.01 -0.01)
(0.00569 -0.01 -0.01)
(0.0057 -0.01 -0.01)
(0.00571 -0.01 -0.01)
(0.00572 -0.01 -0.01)
(0.00573 -0.01 -0.01)
(0.00574 -0.01 -0.01)
(0.00575 -0.01 -0.01)
(0.00576 -0.01 -0.01)
(0.00577 -0.01 -0.01)
(0.00578 -0.01 -0.01)
(0.00579 -0.01 -0.01)
(0.0058 -0.01 -0.01)
(0.00581 -0.01 -0.01)
(0.00582 -0.01 -0.01)
(0.00583 -0.01 -0.01)
(0.00584 -0.01 -0.01)
(0.00585 -0.01 -0.01)
(0.00586 -0.01 -0.01)
(0.00587 -0.01 -0.01)
(0.00588 -0.01 -0.01)
(0.00589 -0.01 -0.01)
(0.0059 -0.01 -0.01)
(0.00591 -0.01 -0.01)
(0.00592 -0.01 -0.01)
(0.00593 -0.01 -0.01)
(0.00594 -0.01 -0.01)
(0.00595 -0.01 -0.01)
(0.00596 -0.01 -0.01)
(0.00597 -0.01 -0.01)
(0.00598 -0.01 -0.01)
(0.00599 -0.01 -0.01)
(0.006 -0.01 -0.01)
(0.00601 -0.01 -0.01)
(0.00602 -0.01 -0.01)
(0.00603 -0.01 -0.01)
(0.00604 -0.01 -0.01)
(0.00605 -0.01 -0.01)
(0.00606 -0.01 -0.01)
(0.00607 -0.01 -0.01)
(0.00608 -0.01 -0.01)
(0.00609 -0.01 -0.01)
(0.0061 -0.01 -0.01)
(0.00611 -0.01 -0.01)
(0.00612 -0.01 -0.01)
(0.00613 -0.01 -0.01)
(0.00614 -0.01 -0.01)
(0.00615 -0.01 -0.01)
(0.00616 -0.01 -0.01)
(0.00617 -0.01 -0.01)
(0.00618 -0.01 -0.01)
(0.00619 -0.01 -0.01)
(0.0062 -0.01 -0.01)
(0.00621 -0.01 -0.01)
(0.00622 -0.01 -0.01)
(0.00623 -0.01 -0.01)
(0.00624 -0.01 -0.01)
(0.00625 -0.01 -0.01)
(0.00626 -0.01 -0.01)
(0.00627 -0.01 -0.01)
(0.00628 -0.01 -0.01)
(0.00629 -0.01 -0.01)
(0.0063 -0.01 -0.01)
(0.00631 -0.01 -0.01)
(0.00632 -0.01 -0.01)
(0.00633 -0.01 -0.01)
(0.00634 -0.01 -0.01)
(0.00635 -0.01 -0.01)
(0.00636 -0.01 -0.01)
(0.00637 -0.01 -0.01)
(0.00638 -0.01 -0.01)
(0.00639 -0.01 -0.01)
(0.0064 -0.01 -0.01)
(0.00641 -0.01 -0.01)
(0.00642 -0.01 -0.01)
(0.00643 -0.01 -0.01)
(0.00644 -0.01 -0.01)
(0.00645 -0.01 -0.01)
(0.00646 -0.01 -0.01)
(0.00647 -0.01 -0.01)
(0.00648 -0.01 -0.01)
(0.00649 -0.01 -0.01)
(0.0065 -0.01 -0.01)
(0.00651 -0.01 -0.01)
(0.00652 -0.01 -0.01)
(0.00653 -0.01 -0.01)
(0.00654 -0.01 -0.01)
(0.00655 -0.01 -0.01)
(0.00656 -0.01 -0.01)
(0.00657 -0.01 -0.01)
(0.00658 -0.01 -0.01)
(0.00659 -0.01 -0.01)
(0.0066 -0.01 -0.01)
(0.00661 -0.01 -0.01)
(0.00662 -0.01 -0.01)
(0.00663 -0.01 -0.01)
(0.00664 -0.01 -0.01)
(0.00665 -0.01 -0.01)
(0.00666 -0.01 -0.01)
(0.00667 -0.01 -0.01)
(0.00668 -0.01 -0.01)
(0.00669 -0.01 -0.01)
(0.0067 -0.01 -0.01)
(0.00671 -0.01 -0.01)
(0.00672 -0.01 -0.01)
(0.00673 -0.01 -0.01)
(0.00674 -0.01 -0.01)
(0.00675 -0.01 -0.01)
(0.00676 -0.01 -0.01)
(0.00677 -0.01 -0.01)
(0.00678 -0.01 -0.01)
(0.00679 -0.01 -0.01)
(0.0068 -0.01 -0.01)
(0.00681 -0.01 -0.01)
(0.00682 -0.01 -0.01)
(0.00683 -0.01 -0.01)
(0.00684 -0.01 -0.01)
(0.00685 -0.01 -0.01)
(0.00686 -0.01 -0.01)
(0.00687 -0.01 -0.01)
(0.00688 -0.01 -0.01)
(0.00689 -0.01 -0.01)
(0.0069 -0.01 -0.01)
(0.00691 -0.01 -0.01)
(0.00692 -0.01 -0.01)
(0.00693 -0.01 -0.01)
(0.00694 -0.01 -0.01)
(0.00695 -0.01 -0.01)
(0.00696 -0.01 -0.01)
(0.00697 -0.01 -0.01)
(0.00698 -0.01 -0.01)
(0.00699 -0.01 -0.01)
(0.007 -0.01 -0.01)
(0.00701 -0.01 -0.01)
(0.00702 -0.01 -0.01)
(0.00703 -0.01 -0.01)
(0.00704 -0.01 -0.01)
(0.00705 -0.01 -0.01)
(0.00706 -0.01 -0.01)
(0.00707 -0.01 -0.01)
(0.00708 -0.01 -0.01)
(0.00709 -0.01 -0.01)
(0.0071 -0.01 -0.01)
(0.00711 -0.01 -0.01)
(0.00712 -0.01 -0.01)
(0.00713 -0.01 -0.01)
(0.00714 -0.01 -0.01)
(0.00715 -0.01 -0.01)
(0.00716 -0.01 -0.01)
(0.00717 -0.01 -0.01)
(0.00718 -0.01 -0.01)
(0.00719 -0.01 -0.01)
(0.0072 -0.01 -0.01)
(0.00721 -0.01 -0.01)
(0.00722 -0.01 -0.01)
(0.00723 -0.01 -0.01)
(0.00724 -0.01 -0.01)
(0.00725 -0.01 -0.01)
(0.00726 -0.01 -0.01)
(0.00727 -0.01 -0.01)
(0.00728 -0.01 -0.01)
(0.00729 -0.01 -0.01)
(0.0073 -0.01 -0.01)
(0.00731 -0.01 -0.01)
(0.00732 -0.01 -0.01)
(0.00733 -0.01 -0.01)
(0.00734 -0.01 -0.01)
(0.00735 -0.01 -0.01)
(0.00736 -0.01 -0.01)
(0.00737 -0.01 -0.01)
(0.00738 -0.01 -0.01)
(0.00739 -0.01 -0.01)
(0.0074 -0.01 -0.01)
(0.00741 -0.01 -0.01)
(0.00742 -0.01 -0.01)
(0.00743 -0.01 -0.01)
(0.00744 -0.01 -0.01)
(0.00745 -0.01 -0.01)
(0.00746 -0.01 -0.01)
(0.00747 -0.01 -0.01)
(0.00748 -0.01 -0.01)
(0.00749 -0.01 -0.01)
(0.0075 -0.01 -0.01)
(0.00751 -0.01 -0.01)
(0.00752 -0.01 -0.01)
(0.00753 -0.01 -0.01)
(0.00754 -0.01 -0.01)
(0.00755 -0.01 -0.01)
(0.00756 -0.01 -0.01)
(0.00757 -0.01 -0.01)
(0.00758 -0.01 -0.01)
(0.00759 -0.01 -0.01)
(0.0076 -0.01 -0.01)
(0.00761 -0.01 -0.01)
(0.00762 -0.01 -0.01)
(0.00763 -0.01 -0.01)
(0.00764 -0.01 -0.01)
(0.00765 -0.01 -0.01)
(0.00766 -0.01 -0.01)
(0.00767 -0.01 -0.01)
(0.00768 -0.01 -0.01)
(0.00769 -0.01 -0.01)
(0.0077 -0.01 -0.01)
(0.00771 -0.01 -0.01)
(0.00772 -0.01 -0.01)
(0.00773 -0.01 -0.01)
(0.00774 -0.01 -0.01)
(0.00775 -0.01 -0.01)
(0.00776 -0.01 -0.01)
(0.00777 -0.01 -0.01)
(0.00778 -0.01 -0.01)
(0.00779 -0.01 -0.01)
(0.0078 -0.01 -0.01)
(0.00781 -0.01 -0.01)
(0.00782 -0.01 -0.01)
(0.00783 -0.01 -0.01)
(0.00784 -0.01 -0.01)
(0.00785 -0.01 -0.01)
(0.00786 -0.01 -0.01)
(0.00787 -0.01 -0.01)
(0.00788 -0.01 -0.01)
(0.00789 -0.01 -0.01)
(0.0079 -0.01 -0.01)
(0.00791 -0.01 -0.01)
(0.00792 -0.01 -0.01)
(0.00793 -0.01 -0.01)
(0.00794 -0.01 -0.01)
(0.00795 -0.01 -0.01)
(0.00796 -0.01 -0.01)
(0.00797 -0.01 -0.01)
(0.00798 -0.01 -0.01)
(0.00799 -0.01 -0.01)
(0.008 -0.01 -0.01)
(0.00801 -0.01 -0.01)
(0.00802 -0.01 -0.01)
(0.00803 -0.01 -0.01)
(0.00804 -0.01 -0.01)
(0.00805 -0.01 -0.01)
(0.00806 -0.01 -0.01)
(0.00807 -0.01 -0.01)
(0.00808 -0.01 -0.01)
(0.00809 -0.01 -0.01)
(0.0081 -0.01 -0.01)
(0.00811 -0.01 -0.01)
(0.00812 -0.01 -0.01)
(0.00813 -0.01 -0.01)
(0.00814 -0.01 -0.01)
(0.00815 -0.01 -0.01)
(0.00816 -0.01 -0.01)
(0.00817 -0.01 -0.01)
(0.00818 -0.01 -0.01)
(0.00819 -0.01 -0.01)
(0.0082 -0.01 -0.01)
(0.00821 -0.01 -0.01)
(0.00822 -0.01 -0.01)
(0.00823 -0.01 -0.01)
(0.00824 -0.01 -0.01)
(0.00825 -0.01 -0.01)
(0.00826 -0.01 -0.01)
(0.00827 -0.01 -0.01)
(0.00828 -0.01 -0.01)
(0.00829 -0.01 -0.01)
(0.0083 -0.01 -0.01)
(0.00831 -0.01 -0.01)
(0.00832 -0.01 -0.01)
(0.00833 -0.01 -0.01)
(0.00834 -0.01 -0.01)
(0.00835 -0.01 -0.01)
(0.00836 -0.01 -0.01)
(0.00837 -0.01 -0.01)
(0.00838 -0.01 -0.01)
(0.00839 -0.01 -0.01)
(0.0084 -0.01 -0.01)
(0.00841 -0.01 -0.01)
(0.00842 -0.01 -0.01)
(0.00843 -0.01 -0.01)
(0.00844 -0.01 -0.01)
(0.00845 -0.01 -0.01)
(0.00846 -0.01 -0.01)
(0.00847 -0.01 -0.01)
(0.00848 -0.01 -0.01)
(0.00849 -0.01 -0.01)
(0.0085 -0.01 -0.01)
(0.00851 -0.01 -0.01)
(0.00852 -0.01 -0.01)
(0.00853 -0.01 -0.01)
(0.00854 -0.01 -0.01)
(0.00855 -0.01 -0.01)
(0.00856 -0.01 -0.01)
(0.00857 -0.01 -0.01)
(0.00858 -0.01 -0.01)
(0.00859 -0.01 -0.01)
(0.0086 -0.01 -0.01)
(0.00861 -0.01 -0.01)
(0.00862 -0.01 -0.01)
(0.00863 -0.01 -0.01)
(0.00864 -0.01 -0.01)
(0.00865 -0.01 -0.01)
(0.00866 -0.01 -0.01)
(0.00867 -0.01 -0.01)
(0.00868 -0.01 -0.01)
(0.00869 -0.01 -0.01)
(0.0087 -0.01 -0.01)
(0.00871 -0.01 -0.01)
(0.00872 -0.01 -0.01)
(0.00873 -0.01 -0.01)
(0.00874 -0.01 -0.01)
(0.00875 -0.01 -0.01)
(0.00876 -0.01 -0.01)
(0.00877 -0.01 -0.01)
(0.00878 -0.01 -0.01)
(0.00879 -0.01 -0.01)
(0.0088 -0.01 -0.01)
(0.00881 -0.01 -0.01)
(0.00882 -0.01 -0.01)
(0.00883 -0.01 -0.01)
(0.00884 -0.01 -0.01)
(0.00885 -0.01 -0.01)
(0.00886 -0.01 -0.01)
(0.00887 -0.01 -0.01)
(0.00888 -0.01 -0.01)
(0.00889 -0.01 -0.01)
(0.0089 -0.01 -0.01)
(0.00891 -0.01 -0.01)
(0.00892 -0.01 -0.01)
(0.00893 -0.01 -0.01)
(0.00894 -0.01 -0.01)
(0.00895 -0.01 -0.01)
(0.00896 -0.01 -0.01)
(0.00897 -0.01 -0.01)
(0.00898 -0.01 -0.01)
(0.00899 -0.01 -0.01)
(0.009 -0.01 -0.01)
(0.00901 -0.01 -0.01)
(0.00902 -0.01 -0.01)
(0.00903 -0.01 -0.01)
(0.00904 -0.01 -0.01)
(0.00905 -0.01 -0.01)
(0.00906 -0.01 -0.01)
(0.00907 -0.01 -0.01)
(0.00908 -0.01 -0.01)
(0.00909 -0.01 -0.01)
(0.0091 -0.01 -0.01)
(0.00911 -0.01 -0.01)
(0.00912 -0.01 -0.01)
(0.00913 -0.01 -0.01)
(0.00914 -0.01 -0.01)
(0.00915 -0.01 -0.01)
(0.00916 -0.01 -0.01)
(0.00917 -0.01 -0.01)
(0.00918 -0.01 -0.01)
(0.00919 -0.01 -0.01)
(0.0092 -0.01 -0.01)
(0.00921 -0.01 -0.01)
(0.00922 -0.01 -0.01)
(0.00923 -0.01 -0.01)
(0.00924 -0.01 -0.01)
(0.00925 -0.01 -0.01)
(0.00926 -0.01 -0.01)
(0.00927 -0.01 -0.01)
(0.00928 -0.01 -0.01)
(0.00929 -0.01 -0.01)
(0.0093 -0.01 -0.01)
(0.00931 -0.01 -0.01)
(0.00932 -0.01 -0.01)
(0.00933 -0.01 -0.01)
(0.00934 -0.01 -0.01)
(0.00935 -0.01 -0.01)
(0.00936 -0.01 -0.01)
(0.00937 -0.01 -0.01)
(0.00938 -0.01 -0.01)
(0.00939 -0.01 -0.01)
(0.0094 -0.01 -0.01)
(0.00941 -0.01 -0.01)
(0.00942 -0.01 -0.01)
(0.00943 -0.01 -0.01)
(0.00944 -0.01 -0.01)
(0.00945 -0.01 -0.01)
(0.00946 -0.01 -0.01)
(0.00947 -0.01 -0.01)
(0.00948 -0.01 -0.01)
(0.00949 -0.01 -0.01)
(0.0095 -0.01 -0.01)
(0.00951 -0.01 -0.01)
(0.00952 -0.01 -0.01)
(0.00953 -0.01 -0.01)
(0.00954 -0.01 -0.01)
(0.00955 -0.01 -0.01)
(0.00956 -0.01 -0.01)
(0.00957 -0.01 -0.01)
(0.00958 -0.01 -0.01)
(0.00959 -0.01 -0.01)
(0.0096 -0.01 -0.01)
(0.00961 -0.01 -0.01)
(0.00962 -0.01 -0.01)
(0.00963 -0.01 -0.01)
(0.00964 -0.01 -0.01)
(0.00965 -0.01 -0.01)
(0.00966 -0.01 -0.01)
(0.00967 -0.01 -0.01)
(0.00968 -0.01 -0.01)
(0.00969 -0.01 -0.01)
(0.0097 -0.01 -0.01)
(0.00971 -0.01 -0.01)
(0.00972 -0.01 -0.01)
(0.00973 -0.01 -0.01)
(0.00974 -0.01 -0.01)
(0.00975 -0.01 -0.01)
(0.00976 -0.01 -0.01)
(0.00977 -0.01 -0.01)
(0.00978 -0.01 -0.01)
(0.00979 -0.01 -0.01)
(0.0098 -0.01 -0.01)
(0.00981 -0.01 -0.01)
(0.00982 -0.01 -0.01)
(0.00983 -0.01 -0.01)
(0.00984 -0.01 -0.01)
(0.00985 -0.01 -0.01)
(0.00986 -0.01 -0.01)
(0.00987 -0.01 -0.01)
(0.00988 -0.01 -0.01)
(0.00989 -0.01 -0.01)
(0.0099 -0.01 -0.01)
(0.00991 -0.01 -0.01)
(0.00992 -0.01 -0.01)
(0.00993 -0.01 -0.01)
(0.00994 -0.01 -0.01)
(0.00995 -0.01 -0.01)
(0.00996 -0.01 -0.01)
(0.00997 -0.01 -0.01)
(0.00998 -0.01 -0.01)
(0.00999 -0.01 -0.01)
(0.01 -0.01 -0.01)
(0 0.01 -0.01)
(1e-05 0.01 -0.01)
(2e-05 0.01 -0.01)
(3e-05 0.01 -0.01)
(4e-05 0.01 -0.01)
(5e-05 0.01 -0.01)
(6e-05 0.01 -0.01)
(7e-05 0.01 -0.01)
(8e-05 0.01 -0.01)
(9e-05 0.01 -0.01)
(0.0001 0.01 -0.01)
(0.00011 0.01 -0.01)
(0.00012 0.01 -0.01)
(0.00013 0.01 -0.01)
(0.00014 0.01 -0.01)
(0.00015 0.01 -0.01)
(0.00016 0.01 -0.01)
(0.00017 0.01 -0.01)
(0.00018 0.01 -0.01)
(0.00019 0.01 -0.01)
(0.0002 0.01 -0.01)
(0.00021 0.01 -0.01)
(0.00022 0.01 -0.01)
(0.00023 0.01 -0.01)
(0.00024 0.01 -0.01)
(0.00025 0.01 -0.01)
(0.00026 0.01 -0.01)
(0.00027 0.01 -0.01)
(0.00028 0.01 -0.01)
(0.00029 0.01 -0.01)
(0.0003 0.01 -0.01)
(0.00031 0.01 -0.01)
(0.00032 0.01 -0.01)
(0.00033 0.01 -0.01)
(0.00034 0.01 -0.01)
(0.00035 0.01 -0.01)
(0.00036 0.01 -0.01)
(0.00037 0.01 -0.01)
(0.00038 0.01 -0.01)
(0.00039 0.01 -0.01)
(0.0004 0.01 -0.01)
(0.00041 0.01 -0.01)
(0.00042 0.01 -0.01)
(0.00043 0.01 -0.01)
(0.00044 0.01 -0.01)
(0.00045 0.01 -0.01)
(0.00046 0.01 -0.01)
(0.00047 0.01 -0.01)
(0.00048 0.01 -0.01)
(0.00049 0.01 -0.01)
(0.0005 0.01 -0.01)
(0.00051 0.01 -0.01)
(0.00052 0.01 -0.01)
(0.00053 0.01 -0.01)
(0.00054 0.01 -0.01)
(0.00055 0.01 -0.01)
(0.00056 0.01 -0.01)
(0.00057 0.01 -0.01)
(0.00058 0.01 -0.01)
(0.00059 0.01 -0.01)
(0.0006 0.01 -0.01)
(0.00061 0.01 -0.01)
(0.00062 0.01 -0.01)
(0.00063 0.01 -0.01)
(0.00064 0.01 -0.01)
(0.00065 0.01 -0.01)
(0.00066 0.01 -0.01)
(0.00067 0.01 -0.01)
(0.00068 0.01 -0.01)
(0.00069 0.01 -0.01)
(0.0007 0.01 -0.01)
(0.00071 0.01 -0.01)
(0.00072 0.01 -0.01)
(0.00073 0.01 -0.01)
(0.00074 0.01 -0.01)
(0.00075 0.01 -0.01)
(0.00076 0.01 -0.01)
(0.00077 0.01 -0.01)
(0.00078 0.01 -0.01)
(0.00079 0.01 -0.01)
(0.0008 0.01 -0.01)
(0.00081 0.01 -0.01)
(0.00082 0.01 -0.01)
(0.00083 0.01 -0.01)
(0.00084 0.01 -0.01)
(0.00085 0.01 -0.01)
(0.00086 0.01 -0.01)
(0.00087 0.01 -0.01)
(0.00088 0.01 -0.01)
(0.00089 0.01 -0.01)
(0.0009 0.01 -0.01)
(0.00091 0.01 -0.01)
(0.00092 0.01 -0.01)
(0.00093 0.01 -0.01)
(0.00094 0.01 -0.01)
(0.00095 0.01 -0.01)
(0.00096 0.01 -0.01)
(0.00097 0.01 -0.01)
(0.00098 0.01 -0.01)
(0.00099 0.01 -0.01)
(0.001 0.01 -0.01)
(0.00101 0.01 -0.01)
(0.00102 0.01 -0.01)
(0.00103 0.01 -0.01)
(0.00104 0.01 -0.01)
(0.00105 0.01 -0.01)
(0.00106 0.01 -0.01)
(0.00107 0.01 -0.01)
(0.00108 0.01 -0.01)
(0.00109 0.01 -0.01)
(0.0011 0.01 -0.01)
(0.00111 0.01 -0.01)
(0.00112 0.01 -0.01)
(0.00113 0.01 -0.01)
(0.00114 0.01 -0.01)
(0.00115 0.01 -0.01)
(0.00116 0.01 -0.01)
(0.00117 0.01 -0.01)
(0.00118 0.01 -0.01)
(0.00119 0.01 -0.01)
(0.0012 0.01 -0.01)
(0.00121 0.01 -0.01)
(0.00122 0.01 -0.01)
(0.00123 0.01 -0.01)
(0.00124 0.01 -0.01)
(0.00125 0.01 -0.01)
(0.00126 0.01 -0.01)
(0.00127 0.01 -0.01)
(0.00128 0.01 -0.01)
(0.00129 0.01 -0.01)
(0.0013 0.01 -0.01)
(0.00131 0.01 -0.01)
(0.00132 0.01 -0.01)
(0.00133 0.01 -0.01)
(0.00134 0.01 -0.01)
(0.00135 0.01 -0.01)
(0.00136 0.01 -0.01)
(0.00137 0.01 -0.01)
(0.00138 0.01 -0.01)
(0.00139 0.01 -0.01)
(0.0014 0.01 -0.01)
(0.00141 0.01 -0.01)
(0.00142 0.01 -0.01)
(0.00143 0.01 -0.01)
(0.00144 0.01 -0.01)
(0.00145 0.01 -0.01)
(0.00146 0.01 -0.01)
(0.00147 0.01 -0.01)
(0.00148 0.01 -0.01)
(0.00149 0.01 -0.01)
(0.0015 0.01 -0.01)
(0.00151 0.01 -0.01)
(0.00152 0.01 -0.01)
(0.00153 0.01 -0.01)
(0.00154 0.01 -0.01)
(0.00155 0.01 -0.01)
(0.00156 0.01 -0.01)
(0.00157 0.01 -0.01)
(0.00158 0.01 -0.01)
(0.00159 0.01 -0.01)
(0.0016 0.01 -0.01)
(0.00161 0.01 -0.01)
(0.00162 0.01 -0.01)
(0.00163 0.01 -0.01)
(0.00164 0.01 -0.01)
(0.00165 0.01 -0.01)
(0.00166 0.01 -0.01)
(0.00167 0.01 -0.01)
(0.00168 0.01 -0.01)
(0.00169 0.01 -0.01)
(0.0017 0.01 -0.01)
(0.00171 0.01 -0.01)
(0.00172 0.01 -0.01)
(0.00173 0.01 -0.01)
(0.00174 0.01 -0.01)
(0.00175 0.01 -0.01)
(0.00176 0.01 -0.01)
(0.00177 0.01 -0.01)
(0.00178 0.01 -0.01)
(0.00179 0.01 -0.01)
(0.0018 0.01 -0.01)
(0.00181 0.01 -0.01)
(0.00182 0.01 -0.01)
(0.00183 0.01 -0.01)
(0.00184 0.01 -0.01)
(0.00185 0.01 -0.01)
(0.00186 0.01 -0.01)
(0.00187 0.01 -0.01)
(0.00188 0.01 -0.01)
(0.00189 0.01 -0.01)
(0.0019 0.01 -0.01)
(0.00191 0.01 -0.01)
(0.00192 0.01 -0.01)
(0.00193 0.01 -0.01)
(0.00194 0.01 -0.01)
(0.00195 0.01 -0.01)
(0.00196 0.01 -0.01)
(0.00197 0.01 -0.01)
(0.00198 0.01 -0.01)
(0.00199 0.01 -0.01)
(0.002 0.01 -0.01)
(0.00201 0.01 -0.01)
(0.00202 0.01 -0.01)
(0.00203 0.01 -0.01)
(0.00204 0.01 -0.01)
(0.00205 0.01 -0.01)
(0.00206 0.01 -0.01)
(0.00207 0.01 -0.01)
(0.00208 0.01 -0.01)
(0.00209 0.01 -0.01)
(0.0021 0.01 -0.01)
(0.00211 0.01 -0.01)
(0.00212 0.01 -0.01)
(0.00213 0.01 -0.01)
(0.00214 0.01 -0.01)
(0.00215 0.01 -0.01)
(0.00216 0.01 -0.01)
(0.00217 0.01 -0.01)
(0.00218 0.01 -0.01)
(0.00219 0.01 -0.01)
(0.0022 0.01 -0.01)
(0.00221 0.01 -0.01)
(0.00222 0.01 -0.01)
(0.00223 0.01 -0.01)
(0.00224 0.01 -0.01)
(0.00225 0.01 -0.01)
(0.00226 0.01 -0.01)
(0.00227 0.01 -0.01)
(0.00228 0.01 -0.01)
(0.00229 0.01 -0.01)
(0.0023 0.01 -0.01)
(0.00231 0.01 -0.01)
(0.00232 0.01 -0.01)
(0.00233 0.01 -0.01)
(0.00234 0.01 -0.01)
(0.00235 0.01 -0.01)
(0.00236 0.01 -0.01)
(0.00237 0.01 -0.01)
(0.00238 0.01 -0.01)
(0.00239 0.01 -0.01)
(0.0024 0.01 -0.01)
(0.00241 0.01 -0.01)
(0.00242 0.01 -0.01)
(0.00243 0.01 -0.01)
(0.00244 0.01 -0.01)
(0.00245 0.01 -0.01)
(0.00246 0.01 -0.01)
(0.00247 0.01 -0.01)
(0.00248 0.01 -0.01)
(0.00249 0.01 -0.01)
(0.0025 0.01 -0.01)
(0.00251 0.01 -0.01)
(0.00252 0.01 -0.01)
(0.00253 0.01 -0.01)
(0.00254 0.01 -0.01)
(0.00255 0.01 -0.01)
(0.00256 0.01 -0.01)
(0.00257 0.01 -0.01)
(0.00258 0.01 -0.01)
(0.00259 0.01 -0.01)
(0.0026 0.01 -0.01)
(0.00261 0.01 -0.01)
(0.00262 0.01 -0.01)
(0.00263 0.01 -0.01)
(0.00264 0.01 -0.01)
(0.00265 0.01 -0.01)
(0.00266 0.01 -0.01)
(0.00267 0.01 -0.01)
(0.00268 0.01 -0.01)
(0.00269 0.01 -0.01)
(0.0027 0.01 -0.01)
(0.00271 0.01 -0.01)
(0.00272 0.01 -0.01)
(0.00273 0.01 -0.01)
(0.00274 0.01 -0.01)
(0.00275 0.01 -0.01)
(0.00276 0.01 -0.01)
(0.00277 0.01 -0.01)
(0.00278 0.01 -0.01)
(0.00279 0.01 -0.01)
(0.0028 0.01 -0.01)
(0.00281 0.01 -0.01)
(0.00282 0.01 -0.01)
(0.00283 0.01 -0.01)
(0.00284 0.01 -0.01)
(0.00285 0.01 -0.01)
(0.00286 0.01 -0.01)
(0.00287 0.01 -0.01)
(0.00288 0.01 -0.01)
(0.00289 0.01 -0.01)
(0.0029 0.01 -0.01)
(0.00291 0.01 -0.01)
(0.00292 0.01 -0.01)
(0.00293 0.01 -0.01)
(0.00294 0.01 -0.01)
(0.00295 0.01 -0.01)
(0.00296 0.01 -0.01)
(0.00297 0.01 -0.01)
(0.00298 0.01 -0.01)
(0.00299 0.01 -0.01)
(0.003 0.01 -0.01)
(0.00301 0.01 -0.01)
(0.00302 0.01 -0.01)
(0.00303 0.01 -0.01)
(0.00304 0.01 -0.01)
(0.00305 0.01 -0.01)
(0.00306 0.01 -0.01)
(0.00307 0.01 -0.01)
(0.00308 0.01 -0.01)
(0.00309 0.01 -0.01)
(0.0031 0.01 -0.01)
(0.00311 0.01 -0.01)
(0.00312 0.01 -0.01)
(0.00313 0.01 -0.01)
(0.00314 0.01 -0.01)
(0.00315 0.01 -0.01)
(0.00316 0.01 -0.01)
(0.00317 0.01 -0.01)
(0.00318 0.01 -0.01)
(0.00319 0.01 -0.01)
(0.0032 0.01 -0.01)
(0.00321 0.01 -0.01)
(0.00322 0.01 -0.01)
(0.00323 0.01 -0.01)
(0.00324 0.01 -0.01)
(0.00325 0.01 -0.01)
(0.00326 0.01 -0.01)
(0.00327 0.01 -0.01)
(0.00328 0.01 -0.01)
(0.00329 0.01 -0.01)
(0.0033 0.01 -0.01)
(0.00331 0.01 -0.01)
(0.00332 0.01 -0.01)
(0.00333 0.01 -0.01)
(0.00334 0.01 -0.01)
(0.00335 0.01 -0.01)
(0.00336 0.01 -0.01)
(0.00337 0.01 -0.01)
(0.00338 0.01 -0.01)
(0.00339 0.01 -0.01)
(0.0034 0.01 -0.01)
(0.00341 0.01 -0.01)
(0.00342 0.01 -0.01)
(0.00343 0.01 -0.01)
(0.00344 0.01 -0.01)
(0.00345 0.01 -0.01)
(0.00346 0.01 -0.01)
(0.00347 0.01 -0.01)
(0.00348 0.01 -0.01)
(0.00349 0.01 -0.01)
(0.0035 0.01 -0.01)
(0.00351 0.01 -0.01)
(0.00352 0.01 -0.01)
(0.00353 0.01 -0.01)
(0.00354 0.01 -0.01)
(0.00355 0.01 -0.01)
(0.00356 0.01 -0.01)
(0.00357 0.01 -0.01)
(0.00358 0.01 -0.01)
(0.00359 0.01 -0.01)
(0.0036 0.01 -0.01)
(0.00361 0.01 -0.01)
(0.00362 0.01 -0.01)
(0.00363 0.01 -0.01)
(0.00364 0.01 -0.01)
(0.00365 0.01 -0.01)
(0.00366 0.01 -0.01)
(0.00367 0.01 -0.01)
(0.00368 0.01 -0.01)
(0.00369 0.01 -0.01)
(0.0037 0.01 -0.01)
(0.00371 0.01 -0.01)
(0.00372 0.01 -0.01)
(0.00373 0.01 -0.01)
(0.00374 0.01 -0.01)
(0.00375 0.01 -0.01)
(0.00376 0.01 -0.01)
(0.00377 0.01 -0.01)
(0.00378 0.01 -0.01)
(0.00379 0.01 -0.01)
(0.0038 0.01 -0.01)
(0.00381 0.01 -0.01)
(0.00382 0.01 -0.01)
(0.00383 0.01 -0.01)
(0.00384 0.01 -0.01)
(0.00385 0.01 -0.01)
(0.00386 0.01 -0.01)
(0.00387 0.01 -0.01)
(0.00388 0.01 -0.01)
(0.00389 0.01 -0.01)
(0.0039 0.01 -0.01)
(0.00391 0.01 -0.01)
(0.00392 0.01 -0.01)
(0.00393 0.01 -0.01)
(0.00394 0.01 -0.01)
(0.00395 0.01 -0.01)
(0.00396 0.01 -0.01)
(0.00397 0.01 -0.01)
(0.00398 0.01 -0.01)
(0.00399 0.01 -0.01)
(0.004 0.01 -0.01)
(0.00401 0.01 -0.01)
(0.00402 0.01 -0.01)
(0.00403 0.01 -0.01)
(0.00404 0.01 -0.01)
(0.00405 0.01 -0.01)
(0.00406 0.01 -0.01)
(0.00407 0.01 -0.01)
(0.00408 0.01 -0.01)
(0.00409 0.01 -0.01)
(0.0041 0.01 -0.01)
(0.00411 0.01 -0.01)
(0.00412 0.01 -0.01)
(0.00413 0.01 -0.01)
(0.00414 0.01 -0.01)
(0.00415 0.01 -0.01)
(0.00416 0.01 -0.01)
(0.00417 0.01 -0.01)
(0.00418 0.01 -0.01)
(0.00419 0.01 -0.01)
(0.0042 0.01 -0.01)
(0.00421 0.01 -0.01)
(0.00422 0.01 -0.01)
(0.00423 0.01 -0.01)
(0.00424 0.01 -0.01)
(0.00425 0.01 -0.01)
(0.00426 0.01 -0.01)
(0.00427 0.01 -0.01)
(0.00428 0.01 -0.01)
(0.00429 0.01 -0.01)
(0.0043 0.01 -0.01)
(0.00431 0.01 -0.01)
(0.00432 0.01 -0.01)
(0.00433 0.01 -0.01)
(0.00434 0.01 -0.01)
(0.00435 0.01 -0.01)
(0.00436 0.01 -0.01)
(0.00437 0.01 -0.01)
(0.00438 0.01 -0.01)
(0.00439 0.01 -0.01)
(0.0044 0.01 -0.01)
(0.00441 0.01 -0.01)
(0.00442 0.01 -0.01)
(0.00443 0.01 -0.01)
(0.00444 0.01 -0.01)
(0.00445 0.01 -0.01)
(0.00446 0.01 -0.01)
(0.00447 0.01 -0.01)
(0.00448 0.01 -0.01)
(0.00449 0.01 -0.01)
(0.0045 0.01 -0.01)
(0.00451 0.01 -0.01)
(0.00452 0.01 -0.01)
(0.00453 0.01 -0.01)
(0.00454 0.01 -0.01)
(0.00455 0.01 -0.01)
(0.00456 0.01 -0.01)
(0.00457 0.01 -0.01)
(0.00458 0.01 -0.01)
(0.00459 0.01 -0.01)
(0.0046 0.01 -0.01)
(0.00461 0.01 -0.01)
(0.00462 0.01 -0.01)
(0.00463 0.01 -0.01)
(0.00464 0.01 -0.01)
(0.00465 0.01 -0.01)
(0.00466 0.01 -0.01)
(0.00467 0.01 -0.01)
(0.00468 0.01 -0.01)
(0.00469 0.01 -0.01)
(0.0047 0.01 -0.01)
(0.00471 0.01 -0.01)
(0.00472 0.01 -0.01)
(0.00473 0.01 -0.01)
(0.00474 0.01 -0.01)
(0.00475 0.01 -0.01)
(0.00476 0.01 -0.01)
(0.00477 0.01 -0.01)
(0.00478 0.01 -0.01)
(0.00479 0.01 -0.01)
(0.0048 0.01 -0.01)
(0.00481 0.01 -0.01)
(0.00482 0.01 -0.01)
(0.00483 0.01 -0.01)
(0.00484 0.01 -0.01)
(0.00485 0.01 -0.01)
(0.00486 0.01 -0.01)
(0.00487 0.01 -0.01)
(0.00488 0.01 -0.01)
(0.00489 0.01 -0.01)
(0.0049 0.01 -0.01)
(0.00491 0.01 -0.01)
(0.00492 0.01 -0.01)
(0.00493 0.01 -0.01)
(0.00494 0.01 -0.01)
(0.00495 0.01 -0.01)
(0.00496 0.01 -0.01)
(0.00497 0.01 -0.01)
(0.00498 0.01 -0.01)
(0.00499 0.01 -0.01)
(0.005 0.01 -0.01)
(0.00501 0.01 -0.01)
(0.00502 0.01 -0.01)
(0.00503 0.01 -0.01)
(0.00504 0.01 -0.01)
(0.00505 0.01 -0.01)
(0.00506 0.01 -0.01)
(0.00507 0.01 -0.01)
(0.00508 0.01 -0.01)
(0.00509 0.01 -0.01)
(0.0051 0.01 -0.01)
(0.00511 0.01 -0.01)
(0.00512 0.01 -0.01)
(0.00513 0.01 -0.01)
(0.00514 0.01 -0.01)
(0.00515 0.01 -0.01)
(0.00516 0.01 -0.01)
(0.00517 0.01 -0.01)
(0.00518 0.01 -0.01)
(0.00519 0.01 -0.01)
(0.0052 0.01 -0.01)
(0.00521 0.01 -0.01)
(0.00522 0.01 -0.01)
(0.00523 0.01 -0.01)
(0.00524 0.01 -0.01)
(0.00525 0.01 -0.01)
(0.00526 0.01 -0.01)
(0.00527 0.01 -0.01)
(0.00528 0.01 -0.01)
(0.00529 0.01 -0.01)
(0.0053 0.01 -0.01)
(0.00531 0.01 -0.01)
(0.00532 0.01 -0.01)
(0.00533 0.01 -0.01)
(0.00534 0.01 -0.01)
(0.00535 0.01 -0.01)
(0.00536 0.01 -0.01)
(0.00537 0.01 -0.01)
(0.00538 0.01 -0.01)
(0.00539 0.01 -0.01)
(0.0054 0.01 -0.01)
(0.00541 0.01 -0.01)
(0.00542 0.01 -0.01)
(0.00543 0.01 -0.01)
(0.00544 0.01 -0.01)
(0.00545 0.01 -0.01)
(0.00546 0.01 -0.01)
(0.00547 0.01 -0.01)
(0.00548 0.01 -0.01)
(0.00549 0.01 -0.01)
(0.0055 0.01 -0.01)
(0.00551 0.01 -0.01)
(0.00552 0.01 -0.01)
(0.00553 0.01 -0.01)
(0.00554 0.01 -0.01)
(0.00555 0.01 -0.01)
(0.00556 0.01 -0.01)
(0.00557 0.01 -0.01)
(0.00558 0.01 -0.01)
(0.00559 0.01 -0.01)
(0.0056 0.01 -0.01)
(0.00561 0.01 -0.01)
(0.00562 0.01 -0.01)
(0.00563 0.01 -0.01)
(0.00564 0.01 -0.01)
(0.00565 0.01 -0.01)
(0.00566 0.01 -0.01)
(0.00567 0.01 -0.01)
(0.00568 0.01 -0.01)
(0.00569 0.01 -0.01)
(0.0057 0.01 -0.01)
(0.00571 0.01 -0.01)
(0.00572 0.01 -0.01)
(0.00573 0.01 -0.01)
(0.00574 0.01 -0.01)
(0.00575 0.01 -0.01)
(0.00576 0.01 -0.01)
(0.00577 0.01 -0.01)
(0.00578 0.01 -0.01)
(0.00579 0.01 -0.01)
(0.0058 0.01 -0.01)
(0.00581 0.01 -0.01)
(0.00582 0.01 -0.01)
(0.00583 0.01 -0.01)
(0.00584 0.01 -0.01)
(0.00585 0.01 -0.01)
(0.00586 0.01 -0.01)
(0.00587 0.01 -0.01)
(0.00588 0.01 -0.01)
(0.00589 0.01 -0.01)
(0.0059 0.01 -0.01)
(0.00591 0.01 -0.01)
(0.00592 0.01 -0.01)
(0.00593 0.01 -0.01)
(0.00594 0.01 -0.01)
(0.00595 0.01 -0.01)
(0.00596 0.01 -0.01)
(0.00597 0.01 -0.01)
(0.00598 0.01 -0.01)
(0.00599 0.01 -0.01)
(0.006 0.01 -0.01)
(0.00601 0.01 -0.01)
(0.00602 0.01 -0.01)
(0.00603 0.01 -0.01)
(0.00604 0.01 -0.01)
(0.00605 0.01 -0.01)
(0.00606 0.01 -0.01)
(0.00607 0.01 -0.01)
(0.00608 0.01 -0.01)
(0.00609 0.01 -0.01)
(0.0061 0.01 -0.01)
(0.00611 0.01 -0.01)
(0.00612 0.01 -0.01)
(0.00613 0.01 -0.01)
(0.00614 0.01 -0.01)
(0.00615 0.01 -0.01)
(0.00616 0.01 -0.01)
(0.00617 0.01 -0.01)
(0.00618 0.01 -0.01)
(0.00619 0.01 -0.01)
(0.0062 0.01 -0.01)
(0.00621 0.01 -0.01)
(0.00622 0.01 -0.01)
(0.00623 0.01 -0.01)
(0.00624 0.01 -0.01)
(0.00625 0.01 -0.01)
(0.00626 0.01 -0.01)
(0.00627 0.01 -0.01)
(0.00628 0.01 -0.01)
(0.00629 0.01 -0.01)
(0.0063 0.01 -0.01)
(0.00631 0.01 -0.01)
(0.00632 0.01 -0.01)
(0.00633 0.01 -0.01)
(0.00634 0.01 -0.01)
(0.00635 0.01 -0.01)
(0.00636 0.01 -0.01)
(0.00637 0.01 -0.01)
(0.00638 0.01 -0.01)
(0.00639 0.01 -0.01)
(0.0064 0.01 -0.01)
(0.00641 0.01 -0.01)
(0.00642 0.01 -0.01)
(0.00643 0.01 -0.01)
(0.00644 0.01 -0.01)
(0.00645 0.01 -0.01)
(0.00646 0.01 -0.01)
(0.00647 0.01 -0.01)
(0.00648 0.01 -0.01)
(0.00649 0.01 -0.01)
(0.0065 0.01 -0.01)
(0.00651 0.01 -0.01)
(0.00652 0.01 -0.01)
(0.00653 0.01 -0.01)
(0.00654 0.01 -0.01)
(0.00655 0.01 -0.01)
(0.00656 0.01 -0.01)
(0.00657 0.01 -0.01)
(0.00658 0.01 -0.01)
(0.00659 0.01 -0.01)
(0.0066 0.01 -0.01)
(0.00661 0.01 -0.01)
(0.00662 0.01 -0.01)
(0.00663 0.01 -0.01)
(0.00664 0.01 -0.01)
(0.00665 0.01 -0.01)
(0.00666 0.01 -0.01)
(0.00667 0.01 -0.01)
(0.00668 0.01 -0.01)
(0.00669 0.01 -0.01)
(0.0067 0.01 -0.01)
(0.00671 0.01 -0.01)
(0.00672 0.01 -0.01)
(0.00673 0.01 -0.01)
(0.00674 0.01 -0.01)
(0.00675 0.01 -0.01)
(0.00676 0.01 -0.01)
(0.00677 0.01 -0.01)
(0.00678 0.01 -0.01)
(0.00679 0.01 -0.01)
(0.0068 0.01 -0.01)
(0.00681 0.01 -0.01)
(0.00682 0.01 -0.01)
(0.00683 0.01 -0.01)
(0.00684 0.01 -0.01)
(0.00685 0.01 -0.01)
(0.00686 0.01 -0.01)
(0.00687 0.01 -0.01)
(0.00688 0.01 -0.01)
(0.00689 0.01 -0.01)
(0.0069 0.01 -0.01)
(0.00691 0.01 -0.01)
(0.00692 0.01 -0.01)
(0.00693 0.01 -0.01)
(0.00694 0.01 -0.01)
(0.00695 0.01 -0.01)
(0.00696 0.01 -0.01)
(0.00697 0.01 -0.01)
(0.00698 0.01 -0.01)
(0.00699 0.01 -0.01)
(0.007 0.01 -0.01)
(0.00701 0.01 -0.01)
(0.00702 0.01 -0.01)
(0.00703 0.01 -0.01)
(0.00704 0.01 -0.01)
(0.00705 0.01 -0.01)
(0.00706 0.01 -0.01)
(0.00707 0.01 -0.01)
(0.00708 0.01 -0.01)
(0.00709 0.01 -0.01)
(0.0071 0.01 -0.01)
(0.00711 0.01 -0.01)
(0.00712 0.01 -0.01)
(0.00713 0.01 -0.01)
(0.00714 0.01 -0.01)
(0.00715 0.01 -0.01)
(0.00716 0.01 -0.01)
(0.00717 0.01 -0.01)
(0.00718 0.01 -0.01)
(0.00719 0.01 -0.01)
(0.0072 0.01 -0.01)
(0.00721 0.01 -0.01)
(0.00722 0.01 -0.01)
(0.00723 0.01 -0.01)
(0.00724 0.01 -0.01)
(0.00725 0.01 -0.01)
(0.00726 0.01 -0.01)
(0.00727 0.01 -0.01)
(0.00728 0.01 -0.01)
(0.00729 0.01 -0.01)
(0.0073 0.01 -0.01)
(0.00731 0.01 -0.01)
(0.00732 0.01 -0.01)
(0.00733 0.01 -0.01)
(0.00734 0.01 -0.01)
(0.00735 0.01 -0.01)
(0.00736 0.01 -0.01)
(0.00737 0.01 -0.01)
(0.00738 0.01 -0.01)
(0.00739 0.01 -0.01)
(0.0074 0.01 -0.01)
(0.00741 0.01 -0.01)
(0.00742 0.01 -0.01)
(0.00743 0.01 -0.01)
(0.00744 0.01 -0.01)
(0.00745 0.01 -0.01)
(0.00746 0.01 -0.01)
(0.00747 0.01 -0.01)
(0.00748 0.01 -0.01)
(0.00749 0.01 -0.01)
(0.0075 0.01 -0.01)
(0.00751 0.01 -0.01)
(0.00752 0.01 -0.01)
(0.00753 0.01 -0.01)
(0.00754 0.01 -0.01)
(0.00755 0.01 -0.01)
(0.00756 0.01 -0.01)
(0.00757 0.01 -0.01)
(0.00758 0.01 -0.01)
(0.00759 0.01 -0.01)
(0.0076 0.01 -0.01)
(0.00761 0.01 -0.01)
(0.00762 0.01 -0.01)
(0.00763 0.01 -0.01)
(0.00764 0.01 -0.01)
(0.00765 0.01 -0.01)
(0.00766 0.01 -0.01)
(0.00767 0.01 -0.01)
(0.00768 0.01 -0.01)
(0.00769 0.01 -0.01)
(0.0077 0.01 -0.01)
(0.00771 0.01 -0.01)
(0.00772 0.01 -0.01)
(0.00773 0.01 -0.01)
(0.00774 0.01 -0.01)
(0.00775 0.01 -0.01)
(0.00776 0.01 -0.01)
(0.00777 0.01 -0.01)
(0.00778 0.01 -0.01)
(0.00779 0.01 -0.01)
(0.0078 0.01 -0.01)
(0.00781 0.01 -0.01)
(0.00782 0.01 -0.01)
(0.00783 0.01 -0.01)
(0.00784 0.01 -0.01)
(0.00785 0.01 -0.01)
(0.00786 0.01 -0.01)
(0.00787 0.01 -0.01)
(0.00788 0.01 -0.01)
(0.00789 0.01 -0.01)
(0.0079 0.01 -0.01)
(0.00791 0.01 -0.01)
(0.00792 0.01 -0.01)
(0.00793 0.01 -0.01)
(0.00794 0.01 -0.01)
(0.00795 0.01 -0.01)
(0.00796 0.01 -0.01)
(0.00797 0.01 -0.01)
(0.00798 0.01 -0.01)
(0.00799 0.01 -0.01)
(0.008 0.01 -0.01)
(0.00801 0.01 -0.01)
(0.00802 0.01 -0.01)
(0.00803 0.01 -0.01)
(0.00804 0.01 -0.01)
(0.00805 0.01 -0.01)
(0.00806 0.01 -0.01)
(0.00807 0.01 -0.01)
(0.00808 0.01 -0.01)
(0.00809 0.01 -0.01)
(0.0081 0.01 -0.01)
(0.00811 0.01 -0.01)
(0.00812 0.01 -0.01)
(0.00813 0.01 -0.01)
(0.00814 0.01 -0.01)
(0.00815 0.01 -0.01)
(0.00816 0.01 -0.01)
(0.00817 0.01 -0.01)
(0.00818 0.01 -0.01)
(0.00819 0.01 -0.01)
(0.0082 0.01 -0.01)
(0.00821 0.01 -0.01)
(0.00822 0.01 -0.01)
(0.00823 0.01 -0.01)
(0.00824 0.01 -0.01)
(0.00825 0.01 -0.01)
(0.00826 0.01 -0.01)
(0.00827 0.01 -0.01)
(0.00828 0.01 -0.01)
(0.00829 0.01 -0.01)
(0.0083 0.01 -0.01)
(0.00831 0.01 -0.01)
(0.00832 0.01 -0.01)
(0.00833 0.01 -0.01)
(0.00834 0.01 -0.01)
(0.00835 0.01 -0.01)
(0.00836 0.01 -0.01)
(0.00837 0.01 -0.01)
(0.00838 0.01 -0.01)
(0.00839 0.01 -0.01)
(0.0084 0.01 -0.01)
(0.00841 0.01 -0.01)
(0.00842 0.01 -0.01)
(0.00843 0.01 -0.01)
(0.00844 0.01 -0.01)
(0.00845 0.01 -0.01)
(0.00846 0.01 -0.01)
(0.00847 0.01 -0.01)
(0.00848 0.01 -0.01)
(0.00849 0.01 -0.01)
(0.0085 0.01 -0.01)
(0.00851 0.01 -0.01)
(0.00852 0.01 -0.01)
(0.00853 0.01 -0.01)
(0.00854 0.01 -0.01)
(0.00855 0.01 -0.01)
(0.00856 0.01 -0.01)
(0.00857 0.01 -0.01)
(0.00858 0.01 -0.01)
(0.00859 0.01 -0.01)
(0.0086 0.01 -0.01)
(0.00861 0.01 -0.01)
(0.00862 0.01 -0.01)
(0.00863 0.01 -0.01)
(0.00864 0.01 -0.01)
(0.00865 0.01 -0.01)
(0.00866 0.01 -0.01)
(0.00867 0.01 -0.01)
(0.00868 0.01 -0.01)
(0.00869 0.01 -0.01)
(0.0087 0.01 -0.01)
(0.00871 0.01 -0.01)
(0.00872 0.01 -0.01)
(0.00873 0.01 -0.01)
(0.00874 0.01 -0.01)
(0.00875 0.01 -0.01)
(0.00876 0.01 -0.01)
(0.00877 0.01 -0.01)
(0.00878 0.01 -0.01)
(0.00879 0.01 -0.01)
(0.0088 0.01 -0.01)
(0.00881 0.01 -0.01)
(0.00882 0.01 -0.01)
(0.00883 0.01 -0.01)
(0.00884 0.01 -0.01)
(0.00885 0.01 -0.01)
(0.00886 0.01 -0.01)
(0.00887 0.01 -0.01)
(0.00888 0.01 -0.01)
(0.00889 0.01 -0.01)
(0.0089 0.01 -0.01)
(0.00891 0.01 -0.01)
(0.00892 0.01 -0.01)
(0.00893 0.01 -0.01)
(0.00894 0.01 -0.01)
(0.00895 0.01 -0.01)
(0.00896 0.01 -0.01)
(0.00897 0.01 -0.01)
(0.00898 0.01 -0.01)
(0.00899 0.01 -0.01)
(0.009 0.01 -0.01)
(0.00901 0.01 -0.01)
(0.00902 0.01 -0.01)
(0.00903 0.01 -0.01)
(0.00904 0.01 -0.01)
(0.00905 0.01 -0.01)
(0.00906 0.01 -0.01)
(0.00907 0.01 -0.01)
(0.00908 0.01 -0.01)
(0.00909 0.01 -0.01)
(0.0091 0.01 -0.01)
(0.00911 0.01 -0.01)
(0.00912 0.01 -0.01)
(0.00913 0.01 -0.01)
(0.00914 0.01 -0.01)
(0.00915 0.01 -0.01)
(0.00916 0.01 -0.01)
(0.00917 0.01 -0.01)
(0.00918 0.01 -0.01)
(0.00919 0.01 -0.01)
(0.0092 0.01 -0.01)
(0.00921 0.01 -0.01)
(0.00922 0.01 -0.01)
(0.00923 0.01 -0.01)
(0.00924 0.01 -0.01)
(0.00925 0.01 -0.01)
(0.00926 0.01 -0.01)
(0.00927 0.01 -0.01)
(0.00928 0.01 -0.01)
(0.00929 0.01 -0.01)
(0.0093 0.01 -0.01)
(0.00931 0.01 -0.01)
(0.00932 0.01 -0.01)
(0.00933 0.01 -0.01)
(0.00934 0.01 -0.01)
(0.00935 0.01 -0.01)
(0.00936 0.01 -0.01)
(0.00937 0.01 -0.01)
(0.00938 0.01 -0.01)
(0.00939 0.01 -0.01)
(0.0094 0.01 -0.01)
(0.00941 0.01 -0.01)
(0.00942 0.01 -0.01)
(0.00943 0.01 -0.01)
(0.00944 0.01 -0.01)
(0.00945 0.01 -0.01)
(0.00946 0.01 -0.01)
(0.00947 0.01 -0.01)
(0.00948 0.01 -0.01)
(0.00949 0.01 -0.01)
(0.0095 0.01 -0.01)
(0.00951 0.01 -0.01)
(0.00952 0.01 -0.01)
(0.00953 0.01 -0.01)
(0.00954 0.01 -0.01)
(0.00955 0.01 -0.01)
(0.00956 0.01 -0.01)
(0.00957 0.01 -0.01)
(0.00958 0.01 -0.01)
(0.00959 0.01 -0.01)
(0.0096 0.01 -0.01)
(0.00961 0.01 -0.01)
(0.00962 0.01 -0.01)
(0.00963 0.01 -0.01)
(0.00964 0.01 -0.01)
(0.00965 0.01 -0.01)
(0.00966 0.01 -0.01)
(0.00967 0.01 -0.01)
(0.00968 0.01 -0.01)
(0.00969 0.01 -0.01)
(0.0097 0.01 -0.01)
(0.00971 0.01 -0.01)
(0.00972 0.01 -0.01)
(0.00973 0.01 -0.01)
(0.00974 0.01 -0.01)
(0.00975 0.01 -0.01)
(0.00976 0.01 -0.01)
(0.00977 0.01 -0.01)
(0.00978 0.01 -0.01)
(0.00979 0.01 -0.01)
(0.0098 0.01 -0.01)
(0.00981 0.01 -0.01)
(0.00982 0.01 -0.01)
(0.00983 0.01 -0.01)
(0.00984 0.01 -0.01)
(0.00985 0.01 -0.01)
(0.00986 0.01 -0.01)
(0.00987 0.01 -0.01)
(0.00988 0.01 -0.01)
(0.00989 0.01 -0.01)
(0.0099 0.01 -0.01)
(0.00991 0.01 -0.01)
(0.00992 0.01 -0.01)
(0.00993 0.01 -0.01)
(0.00994 0.01 -0.01)
(0.00995 0.01 -0.01)
(0.00996 0.01 -0.01)
(0.00997 0.01 -0.01)
(0.00998 0.01 -0.01)
(0.00999 0.01 -0.01)
(0.01 0.01 -0.01)
(0 -0.01 0.01)
(1e-05 -0.01 0.01)
(2e-05 -0.01 0.01)
(3e-05 -0.01 0.01)
(4e-05 -0.01 0.01)
(5e-05 -0.01 0.01)
(6e-05 -0.01 0.01)
(7e-05 -0.01 0.01)
(8e-05 -0.01 0.01)
(9e-05 -0.01 0.01)
(0.0001 -0.01 0.01)
(0.00011 -0.01 0.01)
(0.00012 -0.01 0.01)
(0.00013 -0.01 0.01)
(0.00014 -0.01 0.01)
(0.00015 -0.01 0.01)
(0.00016 -0.01 0.01)
(0.00017 -0.01 0.01)
(0.00018 -0.01 0.01)
(0.00019 -0.01 0.01)
(0.0002 -0.01 0.01)
(0.00021 -0.01 0.01)
(0.00022 -0.01 0.01)
(0.00023 -0.01 0.01)
(0.00024 -0.01 0.01)
(0.00025 -0.01 0.01)
(0.00026 -0.01 0.01)
(0.00027 -0.01 0.01)
(0.00028 -0.01 0.01)
(0.00029 -0.01 0.01)
(0.0003 -0.01 0.01)
(0.00031 -0.01 0.01)
(0.00032 -0.01 0.01)
(0.00033 -0.01 0.01)
(0.00034 -0.01 0.01)
(0.00035 -0.01 0.01)
(0.00036 -0.01 0.01)
(0.00037 -0.01 0.01)
(0.00038 -0.01 0.01)
(0.00039 -0.01 0.01)
(0.0004 -0.01 0.01)
(0.00041 -0.01 0.01)
(0.00042 -0.01 0.01)
(0.00043 -0.01 0.01)
(0.00044 -0.01 0.01)
(0.00045 -0.01 0.01)
(0.00046 -0.01 0.01)
(0.00047 -0.01 0.01)
(0.00048 -0.01 0.01)
(0.00049 -0.01 0.01)
(0.0005 -0.01 0.01)
(0.00051 -0.01 0.01)
(0.00052 -0.01 0.01)
(0.00053 -0.01 0.01)
(0.00054 -0.01 0.01)
(0.00055 -0.01 0.01)
(0.00056 -0.01 0.01)
(0.00057 -0.01 0.01)
(0.00058 -0.01 0.01)
(0.00059 -0.01 0.01)
(0.0006 -0.01 0.01)
(0.00061 -0.01 0.01)
(0.00062 -0.01 0.01)
(0.00063 -0.01 0.01)
(0.00064 -0.01 0.01)
(0.00065 -0.01 0.01)
(0.00066 -0.01 0.01)
(0.00067 -0.01 0.01)
(0.00068 -0.01 0.01)
(0.00069 -0.01 0.01)
(0.0007 -0.01 0.01)
(0.00071 -0.01 0.01)
(0.00072 -0.01 0.01)
(0.00073 -0.01 0.01)
(0.00074 -0.01 0.01)
(0.00075 -0.01 0.01)
(0.00076 -0.01 0.01)
(0.00077 -0.01 0.01)
(0.00078 -0.01 0.01)
(0.00079 -0.01 0.01)
(0.0008 -0.01 0.01)
(0.00081 -0.01 0.01)
(0.00082 -0.01 0.01)
(0.00083 -0.01 0.01)
(0.00084 -0.01 0.01)
(0.00085 -0.01 0.01)
(0.00086 -0.01 0.01)
(0.00087 -0.01 0.01)
(0.00088 -0.01 0.01)
(0.00089 -0.01 0.01)
(0.0009 -0.01 0.01)
(0.00091 -0.01 0.01)
(0.00092 -0.01 0.01)
(0.00093 -0.01 0.01)
(0.00094 -0.01 0.01)
(0.00095 -0.01 0.01)
(0.00096 -0.01 0.01)
(0.00097 -0.01 0.01)
(0.00098 -0.01 0.01)
(0.00099 -0.01 0.01)
(0.001 -0.01 0.01)
(0.00101 -0.01 0.01)
(0.00102 -0.01 0.01)
(0.00103 -0.01 0.01)
(0.00104 -0.01 0.01)
(0.00105 -0.01 0.01)
(0.00106 -0.01 0.01)
(0.00107 -0.01 0.01)
(0.00108 -0.01 0.01)
(0.00109 -0.01 0.01)
(0.0011 -0.01 0.01)
(0.00111 -0.01 0.01)
(0.00112 -0.01 0.01)
(0.00113 -0.01 0.01)
(0.00114 -0.01 0.01)
(0.00115 -0.01 0.01)
(0.00116 -0.01 0.01)
(0.00117 -0.01 0.01)
(0.00118 -0.01 0.01)
(0.00119 -0.01 0.01)
(0.0012 -0.01 0.01)
(0.00121 -0.01 0.01)
(0.00122 -0.01 0.01)
(0.00123 -0.01 0.01)
(0.00124 -0.01 0.01)
(0.00125 -0.01 0.01)
(0.00126 -0.01 0.01)
(0.00127 -0.01 0.01)
(0.00128 -0.01 0.01)
(0.00129 -0.01 0.01)
(0.0013 -0.01 0.01)
(0.00131 -0.01 0.01)
(0.00132 -0.01 0.01)
(0.00133 -0.01 0.01)
(0.00134 -0.01 0.01)
(0.00135 -0.01 0.01)
(0.00136 -0.01 0.01)
(0.00137 -0.01 0.01)
(0.00138 -0.01 0.01)
(0.00139 -0.01 0.01)
(0.0014 -0.01 0.01)
(0.00141 -0.01 0.01)
(0.00142 -0.01 0.01)
(0.00143 -0.01 0.01)
(0.00144 -0.01 0.01)
(0.00145 -0.01 0.01)
(0.00146 -0.01 0.01)
(0.00147 -0.01 0.01)
(0.00148 -0.01 0.01)
(0.00149 -0.01 0.01)
(0.0015 -0.01 0.01)
(0.00151 -0.01 0.01)
(0.00152 -0.01 0.01)
(0.00153 -0.01 0.01)
(0.00154 -0.01 0.01)
(0.00155 -0.01 0.01)
(0.00156 -0.01 0.01)
(0.00157 -0.01 0.01)
(0.00158 -0.01 0.01)
(0.00159 -0.01 0.01)
(0.0016 -0.01 0.01)
(0.00161 -0.01 0.01)
(0.00162 -0.01 0.01)
(0.00163 -0.01 0.01)
(0.00164 -0.01 0.01)
(0.00165 -0.01 0.01)
(0.00166 -0.01 0.01)
(0.00167 -0.01 0.01)
(0.00168 -0.01 0.01)
(0.00169 -0.01 0.01)
(0.0017 -0.01 0.01)
(0.00171 -0.01 0.01)
(0.00172 -0.01 0.01)
(0.00173 -0.01 0.01)
(0.00174 -0.01 0.01)
(0.00175 -0.01 0.01)
(0.00176 -0.01 0.01)
(0.00177 -0.01 0.01)
(0.00178 -0.01 0.01)
(0.00179 -0.01 0.01)
(0.0018 -0.01 0.01)
(0.00181 -0.01 0.01)
(0.00182 -0.01 0.01)
(0.00183 -0.01 0.01)
(0.00184 -0.01 0.01)
(0.00185 -0.01 0.01)
(0.00186 -0.01 0.01)
(0.00187 -0.01 0.01)
(0.00188 -0.01 0.01)
(0.00189 -0.01 0.01)
(0.0019 -0.01 0.01)
(0.00191 -0.01 0.01)
(0.00192 -0.01 0.01)
(0.00193 -0.01 0.01)
(0.00194 -0.01 0.01)
(0.00195 -0.01 0.01)
(0.00196 -0.01 0.01)
(0.00197 -0.01 0.01)
(0.00198 -0.01 0.01)
(0.00199 -0.01 0.01)
(0.002 -0.01 0.01)
(0.00201 -0.01 0.01)
(0.00202 -0.01 0.01)
(0.00203 -0.01 0.01)
(0.00204 -0.01 0.01)
(0.00205 -0.01 0.01)
(0.00206 -0.01 0.01)
(0.00207 -0.01 0.01)
(0.00208 -0.01 0.01)
(0.00209 -0.01 0.01)
(0.0021 -0.01 0.01)
(0.00211 -0.01 0.01)
(0.00212 -0.01 0.01)
(0.00213 -0.01 0.01)
(0.00214 -0.01 0.01)
(0.00215 -0.01 0.01)
(0.00216 -0.01 0.01)
(0.00217 -0.01 0.01)
(0.00218 -0.01 0.01)
(0.00219 -0.01 0.01)
(0.0022 -0.01 0.01)
(0.00221 -0.01 0.01)
(0.00222 -0.01 0.01)
(0.00223 -0.01 0.01)
(0.00224 -0.01 0.01)
(0.00225 -0.01 0.01)
(0.00226 -0.01 0.01)
(0.00227 -0.01 0.01)
(0.00228 -0.01 0.01)
(0.00229 -0.01 0.01)
(0.0023 -0.01 0.01)
(0.00231 -0.01 0.01)
(0.00232 -0.01 0.01)
(0.00233 -0.01 0.01)
(0.00234 -0.01 0.01)
(0.00235 -0.01 0.01)
(0.00236 -0.01 0.01)
(0.00237 -0.01 0.01)
(0.00238 -0.01 0.01)
(0.00239 -0.01 0.01)
(0.0024 -0.01 0.01)
(0.00241 -0.01 0.01)
(0.00242 -0.01 0.01)
(0.00243 -0.01 0.01)
(0.00244 -0.01 0.01)
(0.00245 -0.01 0.01)
(0.00246 -0.01 0.01)
(0.00247 -0.01 0.01)
(0.00248 -0.01 0.01)
(0.00249 -0.01 0.01)
(0.0025 -0.01 0.01)
(0.00251 -0.01 0.01)
(0.00252 -0.01 0.01)
(0.00253 -0.01 0.01)
(0.00254 -0.01 0.01)
(0.00255 -0.01 0.01)
(0.00256 -0.01 0.01)
(0.00257 -0.01 0.01)
(0.00258 -0.01 0.01)
(0.00259 -0.01 0.01)
(0.0026 -0.01 0.01)
(0.00261 -0.01 0.01)
(0.00262 -0.01 0.01)
(0.00263 -0.01 0.01)
(0.00264 -0.01 0.01)
(0.00265 -0.01 0.01)
(0.00266 -0.01 0.01)
(0.00267 -0.01 0.01)
(0.00268 -0.01 0.01)
(0.00269 -0.01 0.01)
(0.0027 -0.01 0.01)
(0.00271 -0.01 0.01)
(0.00272 -0.01 0.01)
(0.00273 -0.01 0.01)
(0.00274 -0.01 0.01)
(0.00275 -0.01 0.01)
(0.00276 -0.01 0.01)
(0.00277 -0.01 0.01)
(0.00278 -0.01 0.01)
(0.00279 -0.01 0.01)
(0.0028 -0.01 0.01)
(0.00281 -0.01 0.01)
(0.00282 -0.01 0.01)
(0.00283 -0.01 0.01)
(0.00284 -0.01 0.01)
(0.00285 -0.01 0.01)
(0.00286 -0.01 0.01)
(0.00287 -0.01 0.01)
(0.00288 -0.01 0.01)
(0.00289 -0.01 0.01)
(0.0029 -0.01 0.01)
(0.00291 -0.01 0.01)
(0.00292 -0.01 0.01)
(0.00293 -0.01 0.01)
(0.00294 -0.01 0.01)
(0.00295 -0.01 0.01)
(0.00296 -0.01 0.01)
(0.00297 -0.01 0.01)
(0.00298 -0.01 0.01)
(0.00299 -0.01 0.01)
(0.003 -0.01 0.01)
(0.00301 -0.01 0.01)
(0.00302 -0.01 0.01)
(0.00303 -0.01 0.01)
(0.00304 -0.01 0.01)
(0.00305 -0.01 0.01)
(0.00306 -0.01 0.01)
(0.00307 -0.01 0.01)
(0.00308 -0.01 0.01)
(0.00309 -0.01 0.01)
(0.0031 -0.01 0.01)
(0.00311 -0.01 0.01)
(0.00312 -0.01 0.01)
(0.00313 -0.01 0.01)
(0.00314 -0.01 0.01)
(0.00315 -0.01 0.01)
(0.00316 -0.01 0.01)
(0.00317 -0.01 0.01)
(0.00318 -0.01 0.01)
(0.00319 -0.01 0.01)
(0.0032 -0.01 0.01)
(0.00321 -0.01 0.01)
(0.00322 -0.01 0.01)
(0.00323 -0.01 0.01)
(0.00324 -0.01 0.01)
(0.00325 -0.01 0.01)
(0.00326 -0.01 0.01)
(0.00327 -0.01 0.01)
(0.00328 -0.01 0.01)
(0.00329 -0.01 0.01)
(0.0033 -0.01 0.01)
(0.00331 -0.01 0.01)
(0.00332 -0.01 0.01)
(0.00333 -0.01 0.01)
(0.00334 -0.01 0.01)
(0.00335 -0.01 0.01)
(0.00336 -0.01 0.01)
(0.00337 -0.01 0.01)
(0.00338 -0.01 0.01)
(0.00339 -0.01 0.01)
(0.0034 -0.01 0.01)
(0.00341 -0.01 0.01)
(0.00342 -0.01 0.01)
(0.00343 -0.01 0.01)
(0.00344 -0.01 0.01)
(0.00345 -0.01 0.01)
(0.00346 -0.01 0.01)
(0.00347 -0.01 0.01)
(0.00348 -0.01 0.01)
(0.00349 -0.01 0.01)
(0.0035 -0.01 0.01)
(0.00351 -0.01 0.01)
(0.00352 -0.01 0.01)
(0.00353 -0.01 0.01)
(0.00354 -0.01 0.01)
(0.00355 -0.01 0.01)
(0.00356 -0.01 0.01)
(0.00357 -0.01 0.01)
(0.00358 -0.01 0.01)
(0.00359 -0.01 0.01)
(0.0036 -0.01 0.01)
(0.00361 -0.01 0.01)
(0.00362 -0.01 0.01)
(0.00363 -0.01 0.01)
(0.00364 -0.01 0.01)
(0.00365 -0.01 0.01)
(0.00366 -0.01 0.01)
(0.00367 -0.01 0.01)
(0.00368 -0.01 0.01)
(0.00369 -0.01 0.01)
(0.0037 -0.01 0.01)
(0.00371 -0.01 0.01)
(0.00372 -0.01 0.01)
(0.00373 -0.01 0.01)
(0.00374 -0.01 0.01)
(0.00375 -0.01 0.01)
(0.00376 -0.01 0.01)
(0.00377 -0.01 0.01)
(0.00378 -0.01 0.01)
(0.00379 -0.01 0.01)
(0.0038 -0.01 0.01)
(0.00381 -0.01 0.01)
(0.00382 -0.01 0.01)
(0.00383 -0.01 0.01)
(0.00384 -0.01 0.01)
(0.00385 -0.01 0.01)
(0.00386 -0.01 0.01)
(0.00387 -0.01 0.01)
(0.00388 -0.01 0.01)
(0.00389 -0.01 0.01)
(0.0039 -0.01 0.01)
(0.00391 -0.01 0.01)
(0.00392 -0.01 0.01)
(0.00393 -0.01 0.01)
(0.00394 -0.01 0.01)
(0.00395 -0.01 0.01)
(0.00396 -0.01 0.01)
(0.00397 -0.01 0.01)
(0.00398 -0.01 0.01)
(0.00399 -0.01 0.01)
(0.004 -0.01 0.01)
(0.00401 -0.01 0.01)
(0.00402 -0.01 0.01)
(0.00403 -0.01 0.01)
(0.00404 -0.01 0.01)
(0.00405 -0.01 0.01)
(0.00406 -0.01 0.01)
(0.00407 -0.01 0.01)
(0.00408 -0.01 0.01)
(0.00409 -0.01 0.01)
(0.0041 -0.01 0.01)
(0.00411 -0.01 0.01)
(0.00412 -0.01 0.01)
(0.00413 -0.01 0.01)
(0.00414 -0.01 0.01)
(0.00415 -0.01 0.01)
(0.00416 -0.01 0.01)
(0.00417 -0.01 0.01)
(0.00418 -0.01 0.01)
(0.00419 -0.01 0.01)
(0.0042 -0.01 0.01)
(0.00421 -0.01 0.01)
(0.00422 -0.01 0.01)
(0.00423 -0.01 0.01)
(0.00424 -0.01 0.01)
(0.00425 -0.01 0.01)
(0.00426 -0.01 0.01)
(0.00427 -0.01 0.01)
(0.00428 -0.01 0.01)
(0.00429 -0.01 0.01)
(0.0043 -0.01 0.01)
(0.00431 -0.01 0.01)
(0.00432 -0.01 0.01)
(0.00433 -0.01 0.01)
(0.00434 -0.01 0.01)
(0.00435 -0.01 0.01)
(0.00436 -0.01 0.01)
(0.00437 -0.01 0.01)
(0.00438 -0.01 0.01)
(0.00439 -0.01 0.01)
(0.0044 -0.01 0.01)
(0.00441 -0.01 0.01)
(0.00442 -0.01 0.01)
(0.00443 -0.01 0.01)
(0.00444 -0.01 0.01)
(0.00445 -0.01 0.01)
(0.00446 -0.01 0.01)
(0.00447 -0.01 0.01)
(0.00448 -0.01 0.01)
(0.00449 -0.01 0.01)
(0.0045 -0.01 0.01)
(0.00451 -0.01 0.01)
(0.00452 -0.01 0.01)
(0.00453 -0.01 0.01)
(0.00454 -0.01 0.01)
(0.00455 -0.01 0.01)
(0.00456 -0.01 0.01)
(0.00457 -0.01 0.01)
(0.00458 -0.01 0.01)
(0.00459 -0.01 0.01)
(0.0046 -0.01 0.01)
(0.00461 -0.01 0.01)
(0.00462 -0.01 0.01)
(0.00463 -0.01 0.01)
(0.00464 -0.01 0.01)
(0.00465 -0.01 0.01)
(0.00466 -0.01 0.01)
(0.00467 -0.01 0.01)
(0.00468 -0.01 0.01)
(0.00469 -0.01 0.01)
(0.0047 -0.01 0.01)
(0.00471 -0.01 0.01)
(0.00472 -0.01 0.01)
(0.00473 -0.01 0.01)
(0.00474 -0.01 0.01)
(0.00475 -0.01 0.01)
(0.00476 -0.01 0.01)
(0.00477 -0.01 0.01)
(0.00478 -0.01 0.01)
(0.00479 -0.01 0.01)
(0.0048 -0.01 0.01)
(0.00481 -0.01 0.01)
(0.00482 -0.01 0.01)
(0.00483 -0.01 0.01)
(0.00484 -0.01 0.01)
(0.00485 -0.01 0.01)
(0.00486 -0.01 0.01)
(0.00487 -0.01 0.01)
(0.00488 -0.01 0.01)
(0.00489 -0.01 0.01)
(0.0049 -0.01 0.01)
(0.00491 -0.01 0.01)
(0.00492 -0.01 0.01)
(0.00493 -0.01 0.01)
(0.00494 -0.01 0.01)
(0.00495 -0.01 0.01)
(0.00496 -0.01 0.01)
(0.00497 -0.01 0.01)
(0.00498 -0.01 0.01)
(0.00499 -0.01 0.01)
(0.005 -0.01 0.01)
(0.00501 -0.01 0.01)
(0.00502 -0.01 0.01)
(0.00503 -0.01 0.01)
(0.00504 -0.01 0.01)
(0.00505 -0.01 0.01)
(0.00506 -0.01 0.01)
(0.00507 -0.01 0.01)
(0.00508 -0.01 0.01)
(0.00509 -0.01 0.01)
(0.0051 -0.01 0.01)
(0.00511 -0.01 0.01)
(0.00512 -0.01 0.01)
(0.00513 -0.01 0.01)
(0.00514 -0.01 0.01)
(0.00515 -0.01 0.01)
(0.00516 -0.01 0.01)
(0.00517 -0.01 0.01)
(0.00518 -0.01 0.01)
(0.00519 -0.01 0.01)
(0.0052 -0.01 0.01)
(0.00521 -0.01 0.01)
(0.00522 -0.01 0.01)
(0.00523 -0.01 0.01)
(0.00524 -0.01 0.01)
(0.00525 -0.01 0.01)
(0.00526 -0.01 0.01)
(0.00527 -0.01 0.01)
(0.00528 -0.01 0.01)
(0.00529 -0.01 0.01)
(0.0053 -0.01 0.01)
(0.00531 -0.01 0.01)
(0.00532 -0.01 0.01)
(0.00533 -0.01 0.01)
(0.00534 -0.01 0.01)
(0.00535 -0.01 0.01)
(0.00536 -0.01 0.01)
(0.00537 -0.01 0.01)
(0.00538 -0.01 0.01)
(0.00539 -0.01 0.01)
(0.0054 -0.01 0.01)
(0.00541 -0.01 0.01)
(0.00542 -0.01 0.01)
(0.00543 -0.01 0.01)
(0.00544 -0.01 0.01)
(0.00545 -0.01 0.01)
(0.00546 -0.01 0.01)
(0.00547 -0.01 0.01)
(0.00548 -0.01 0.01)
(0.00549 -0.01 0.01)
(0.0055 -0.01 0.01)
(0.00551 -0.01 0.01)
(0.00552 -0.01 0.01)
(0.00553 -0.01 0.01)
(0.00554 -0.01 0.01)
(0.00555 -0.01 0.01)
(0.00556 -0.01 0.01)
(0.00557 -0.01 0.01)
(0.00558 -0.01 0.01)
(0.00559 -0.01 0.01)
(0.0056 -0.01 0.01)
(0.00561 -0.01 0.01)
(0.00562 -0.01 0.01)
(0.00563 -0.01 0.01)
(0.00564 -0.01 0.01)
(0.00565 -0.01 0.01)
(0.00566 -0.01 0.01)
(0.00567 -0.01 0.01)
(0.00568 -0.01 0.01)
(0.00569 -0.01 0.01)
(0.0057 -0.01 0.01)
(0.00571 -0.01 0.01)
(0.00572 -0.01 0.01)
(0.00573 -0.01 0.01)
(0.00574 -0.01 0.01)
(0.00575 -0.01 0.01)
(0.00576 -0.01 0.01)
(0.00577 -0.01 0.01)
(0.00578 -0.01 0.01)
(0.00579 -0.01 0.01)
(0.0058 -0.01 0.01)
(0.00581 -0.01 0.01)
(0.00582 -0.01 0.01)
(0.00583 -0.01 0.01)
(0.00584 -0.01 0.01)
(0.00585 -0.01 0.01)
(0.00586 -0.01 0.01)
(0.00587 -0.01 0.01)
(0.00588 -0.01 0.01)
(0.00589 -0.01 0.01)
(0.0059 -0.01 0.01)
(0.00591 -0.01 0.01)
(0.00592 -0.01 0.01)
(0.00593 -0.01 0.01)
(0.00594 -0.01 0.01)
(0.00595 -0.01 0.01)
(0.00596 -0.01 0.01)
(0.00597 -0.01 0.01)
(0.00598 -0.01 0.01)
(0.00599 -0.01 0.01)
(0.006 -0.01 0.01)
(0.00601 -0.01 0.01)
(0.00602 -0.01 0.01)
(0.00603 -0.01 0.01)
(0.00604 -0.01 0.01)
(0.00605 -0.01 0.01)
(0.00606 -0.01 0.01)
(0.00607 -0.01 0.01)
(0.00608 -0.01 0.01)
(0.00609 -0.01 0.01)
(0.0061 -0.01 0.01)
(0.00611 -0.01 0.01)
(0.00612 -0.01 0.01)
(0.00613 -0.01 0.01)
(0.00614 -0.01 0.01)
(0.00615 -0.01 0.01)
(0.00616 -0.01 0.01)
(0.00617 -0.01 0.01)
(0.00618 -0.01 0.01)
(0.00619 -0.01 0.01)
(0.0062 -0.01 0.01)
(0.00621 -0.01 0.01)
(0.00622 -0.01 0.01)
(0.00623 -0.01 0.01)
(0.00624 -0.01 0.01)
(0.00625 -0.01 0.01)
(0.00626 -0.01 0.01)
(0.00627 -0.01 0.01)
(0.00628 -0.01 0.01)
(0.00629 -0.01 0.01)
(0.0063 -0.01 0.01)
(0.00631 -0.01 0.01)
(0.00632 -0.01 0.01)
(0.00633 -0.01 0.01)
(0.00634 -0.01 0.01)
(0.00635 -0.01 0.01)
(0.00636 -0.01 0.01)
(0.00637 -0.01 0.01)
(0.00638 -0.01 0.01)
(0.00639 -0.01 0.01)
(0.0064 -0.01 0.01)
(0.00641 -0.01 0.01)
(0.00642 -0.01 0.01)
(0.00643 -0.01 0.01)
(0.00644 -0.01 0.01)
(0.00645 -0.01 0.01)
(0.00646 -0.01 0.01)
(0.00647 -0.01 0.01)
(0.00648 -0.01 0.01)
(0.00649 -0.01 0.01)
(0.0065 -0.01 0.01)
(0.00651 -0.01 0.01)
(0.00652 -0.01 0.01)
(0.00653 -0.01 0.01)
(0.00654 -0.01 0.01)
(0.00655 -0.01 0.01)
(0.00656 -0.01 0.01)
(0.00657 -0.01 0.01)
(0.00658 -0.01 0.01)
(0.00659 -0.01 0.01)
(0.0066 -0.01 0.01)
(0.00661 -0.01 0.01)
(0.00662 -0.01 0.01)
(0.00663 -0.01 0.01)
(0.00664 -0.01 0.01)
(0.00665 -0.01 0.01)
(0.00666 -0.01 0.01)
(0.00667 -0.01 0.01)
(0.00668 -0.01 0.01)
(0.00669 -0.01 0.01)
(0.0067 -0.01 0.01)
(0.00671 -0.01 0.01)
(0.00672 -0.01 0.01)
(0.00673 -0.01 0.01)
(0.00674 -0.01 0.01)
(0.00675 -0.01 0.01)
(0.00676 -0.01 0.01)
(0.00677 -0.01 0.01)
(0.00678 -0.01 0.01)
(0.00679 -0.01 0.01)
(0.0068 -0.01 0.01)
(0.00681 -0.01 0.01)
(0.00682 -0.01 0.01)
(0.00683 -0.01 0.01)
(0.00684 -0.01 0.01)
(0.00685 -0.01 0.01)
(0.00686 -0.01 0.01)
(0.00687 -0.01 0.01)
(0.00688 -0.01 0.01)
(0.00689 -0.01 0.01)
(0.0069 -0.01 0.01)
(0.00691 -0.01 0.01)
(0.00692 -0.01 0.01)
(0.00693 -0.01 0.01)
(0.00694 -0.01 0.01)
(0.00695 -0.01 0.01)
(0.00696 -0.01 0.01)
(0.00697 -0.01 0.01)
(0.00698 -0.01 0.01)
(0.00699 -0.01 0.01)
(0.007 -0.01 0.01)
(0.00701 -0.01 0.01)
(0.00702 -0.01 0.01)
(0.00703 -0.01 0.01)
(0.00704 -0.01 0.01)
(0.00705 -0.01 0.01)
(0.00706 -0.01 0.01)
(0.00707 -0.01 0.01)
(0.00708 -0.01 0.01)
(0.00709 -0.01 0.01)
(0.0071 -0.01 0.01)
(0.00711 -0.01 0.01)
(0.00712 -0.01 0.01)
(0.00713 -0.01 0.01)
(0.00714 -0.01 0.01)
(0.00715 -0.01 0.01)
(0.00716 -0.01 0.01)
(0.00717 -0.01 0.01)
(0.00718 -0.01 0.01)
(0.00719 -0.01 0.01)
(0.0072 -0.01 0.01)
(0.00721 -0.01 0.01)
(0.00722 -0.01 0.01)
(0.00723 -0.01 0.01)
(0.00724 -0.01 0.01)
(0.00725 -0.01 0.01)
(0.00726 -0.01 0.01)
(0.00727 -0.01 0.01)
(0.00728 -0.01 0.01)
(0.00729 -0.01 0.01)
(0.0073 -0.01 0.01)
(0.00731 -0.01 0.01)
(0.00732 -0.01 0.01)
(0.00733 -0.01 0.01)
(0.00734 -0.01 0.01)
(0.00735 -0.01 0.01)
(0.00736 -0.01 0.01)
(0.00737 -0.01 0.01)
(0.00738 -0.01 0.01)
(0.00739 -0.01 0.01)
(0.0074 -0.01 0.01)
(0.00741 -0.01 0.01)
(0.00742 -0.01 0.01)
(0.00743 -0.01 0.01)
(0.00744 -0.01 0.01)
(0.00745 -0.01 0.01)
(0.00746 -0.01 0.01)
(0.00747 -0.01 0.01)
(0.00748 -0.01 0.01)
(0.00749 -0.01 0.01)
(0.0075 -0.01 0.01)
(0.00751 -0.01 0.01)
(0.00752 -0.01 0.01)
(0.00753 -0.01 0.01)
(0.00754 -0.01 0.01)
(0.00755 -0.01 0.01)
(0.00756 -0.01 0.01)
(0.00757 -0.01 0.01)
(0.00758 -0.01 0.01)
(0.00759 -0.01 0.01)
(0.0076 -0.01 0.01)
(0.00761 -0.01 0.01)
(0.00762 -0.01 0.01)
(0.00763 -0.01 0.01)
(0.00764 -0.01 0.01)
(0.00765 -0.01 0.01)
(0.00766 -0.01 0.01)
(0.00767 -0.01 0.01)
(0.00768 -0.01 0.01)
(0.00769 -0.01 0.01)
(0.0077 -0.01 0.01)
(0.00771 -0.01 0.01)
(0.00772 -0.01 0.01)
(0.00773 -0.01 0.01)
(0.00774 -0.01 0.01)
(0.00775 -0.01 0.01)
(0.00776 -0.01 0.01)
(0.00777 -0.01 0.01)
(0.00778 -0.01 0.01)
(0.00779 -0.01 0.01)
(0.0078 -0.01 0.01)
(0.00781 -0.01 0.01)
(0.00782 -0.01 0.01)
(0.00783 -0.01 0.01)
(0.00784 -0.01 0.01)
(0.00785 -0.01 0.01)
(0.00786 -0.01 0.01)
(0.00787 -0.01 0.01)
(0.00788 -0.01 0.01)
(0.00789 -0.01 0.01)
(0.0079 -0.01 0.01)
(0.00791 -0.01 0.01)
(0.00792 -0.01 0.01)
(0.00793 -0.01 0.01)
(0.00794 -0.01 0.01)
(0.00795 -0.01 0.01)
(0.00796 -0.01 0.01)
(0.00797 -0.01 0.01)
(0.00798 -0.01 0.01)
(0.00799 -0.01 0.01)
(0.008 -0.01 0.01)
(0.00801 -0.01 0.01)
(0.00802 -0.01 0.01)
(0.00803 -0.01 0.01)
(0.00804 -0.01 0.01)
(0.00805 -0.01 0.01)
(0.00806 -0.01 0.01)
(0.00807 -0.01 0.01)
(0.00808 -0.01 0.01)
(0.00809 -0.01 0.01)
(0.0081 -0.01 0.01)
(0.00811 -0.01 0.01)
(0.00812 -0.01 0.01)
(0.00813 -0.01 0.01)
(0.00814 -0.01 0.01)
(0.00815 -0.01 0.01)
(0.00816 -0.01 0.01)
(0.00817 -0.01 0.01)
(0.00818 -0.01 0.01)
(0.00819 -0.01 0.01)
(0.0082 -0.01 0.01)
(0.00821 -0.01 0.01)
(0.00822 -0.01 0.01)
(0.00823 -0.01 0.01)
(0.00824 -0.01 0.01)
(0.00825 -0.01 0.01)
(0.00826 -0.01 0.01)
(0.00827 -0.01 0.01)
(0.00828 -0.01 0.01)
(0.00829 -0.01 0.01)
(0.0083 -0.01 0.01)
(0.00831 -0.01 0.01)
(0.00832 -0.01 0.01)
(0.00833 -0.01 0.01)
(0.00834 -0.01 0.01)
(0.00835 -0.01 0.01)
(0.00836 -0.01 0.01)
(0.00837 -0.01 0.01)
(0.00838 -0.01 0.01)
(0.00839 -0.01 0.01)
(0.0084 -0.01 0.01)
(0.00841 -0.01 0.01)
(0.00842 -0.01 0.01)
(0.00843 -0.01 0.01)
(0.00844 -0.01 0.01)
(0.00845 -0.01 0.01)
(0.00846 -0.01 0.01)
(0.00847 -0.01 0.01)
(0.00848 -0.01 0.01)
(0.00849 -0.01 0.01)
(0.0085 -0.01 0.01)
(0.00851 -0.01 0.01)
(0.00852 -0.01 0.01)
(0.00853 -0.01 0.01)
(0.00854 -0.01 0.01)
(0.00855 -0.01 0.01)
(0.00856 -0.01 0.01)
(0.00857 -0.01 0.01)
(0.00858 -0.01 0.01)
(0.00859 -0.01 0.01)
(0.0086 -0.01 0.01)
(0.00861 -0.01 0.01)
(0.00862 -0.01 0.01)
(0.00863 -0.01 0.01)
(0.00864 -0.01 0.01)
(0.00865 -0.01 0.01)
(0.00866 -0.01 0.01)
(0.00867 -0.01 0.01)
(0.00868 -0.01 0.01)
(0.00869 -0.01 0.01)
(0.0087 -0.01 0.01)
(0.00871 -0.01 0.01)
(0.00872 -0.01 0.01)
(0.00873 -0.01 0.01)
(0.00874 -0.01 0.01)
(0.00875 -0.01 0.01)
(0.00876 -0.01 0.01)
(0.00877 -0.01 0.01)
(0.00878 -0.01 0.01)
(0.00879 -0.01 0.01)
(0.0088 -0.01 0.01)
(0.00881 -0.01 0.01)
(0.00882 -0.01 0.01)
(0.00883 -0.01 0.01)
(0.00884 -0.01 0.01)
(0.00885 -0.01 0.01)
(0.00886 -0.01 0.01)
(0.00887 -0.01 0.01)
(0.00888 -0.01 0.01)
(0.00889 -0.01 0.01)
(0.0089 -0.01 0.01)
(0.00891 -0.01 0.01)
(0.00892 -0.01 0.01)
(0.00893 -0.01 0.01)
(0.00894 -0.01 0.01)
(0.00895 -0.01 0.01)
(0.00896 -0.01 0.01)
(0.00897 -0.01 0.01)
(0.00898 -0.01 0.01)
(0.00899 -0.01 0.01)
(0.009 -0.01 0.01)
(0.00901 -0.01 0.01)
(0.00902 -0.01 0.01)
(0.00903 -0.01 0.01)
(0.00904 -0.01 0.01)
(0.00905 -0.01 0.01)
(0.00906 -0.01 0.01)
(0.00907 -0.01 0.01)
(0.00908 -0.01 0.01)
(0.00909 -0.01 0.01)
(0.0091 -0.01 0.01)
(0.00911 -0.01 0.01)
(0.00912 -0.01 0.01)
(0.00913 -0.01 0.01)
(0.00914 -0.01 0.01)
(0.00915 -0.01 0.01)
(0.00916 -0.01 0.01)
(0.00917 -0.01 0.01)
(0.00918 -0.01 0.01)
(0.00919 -0.01 0.01)
(0.0092 -0.01 0.01)
(0.00921 -0.01 0.01)
(0.00922 -0.01 0.01)
(0.00923 -0.01 0.01)
(0.00924 -0.01 0.01)
(0.00925 -0.01 0.01)
(0.00926 -0.01 0.01)
(0.00927 -0.01 0.01)
(0.00928 -0.01 0.01)
(0.00929 -0.01 0.01)
(0.0093 -0.01 0.01)
(0.00931 -0.01 0.01)
(0.00932 -0.01 0.01)
(0.00933 -0.01 0.01)
(0.00934 -0.01 0.01)
(0.00935 -0.01 0.01)
(0.00936 -0.01 0.01)
(0.00937 -0.01 0.01)
(0.00938 -0.01 0.01)
(0.00939 -0.01 0.01)
(0.0094 -0.01 0.01)
(0.00941 -0.01 0.01)
(0.00942 -0.01 0.01)
(0.00943 -0.01 0.01)
(0.00944 -0.01 0.01)
(0.00945 -0.01 0.01)
(0.00946 -0.01 0.01)
(0.00947 -0.01 0.01)
(0.00948 -0.01 0.01)
(0.00949 -0.01 0.01)
(0.0095 -0.01 0.01)
(0.00951 -0.01 0.01)
(0.00952 -0.01 0.01)
(0.00953 -0.01 0.01)
(0.00954 -0.01 0.01)
(0.00955 -0.01 0.01)
(0.00956 -0.01 0.01)
(0.00957 -0.01 0.01)
(0.00958 -0.01 0.01)
(0.00959 -0.01 0.01)
(0.0096 -0.01 0.01)
(0.00961 -0.01 0.01)
(0.00962 -0.01 0.01)
(0.00963 -0.01 0.01)
(0.00964 -0.01 0.01)
(0.00965 -0.01 0.01)
(0.00966 -0.01 0.01)
(0.00967 -0.01 0.01)
(0.00968 -0.01 0.01)
(0.00969 -0.01 0.01)
(0.0097 -0.01 0.01)
(0.00971 -0.01 0.01)
(0.00972 -0.01 0.01)
(0.00973 -0.01 0.01)
(0.00974 -0.01 0.01)
(0.00975 -0.01 0.01)
(0.00976 -0.01 0.01)
(0.00977 -0.01 0.01)
(0.00978 -0.01 0.01)
(0.00979 -0.01 0.01)
(0.0098 -0.01 0.01)
(0.00981 -0.01 0.01)
(0.00982 -0.01 0.01)
(0.00983 -0.01 0.01)
(0.00984 -0.01 0.01)
(0.00985 -0.01 0.01)
(0.00986 -0.01 0.01)
(0.00987 -0.01 0.01)
(0.00988 -0.01 0.01)
(0.00989 -0.01 0.01)
(0.0099 -0.01 0.01)
(0.00991 -0.01 0.01)
(0.00992 -0.01 0.01)
(0.00993 -0.01 0.01)
(0.00994 -0.01 0.01)
(0.00995 -0.01 0.01)
(0.00996 -0.01 0.01)
(0.00997 -0.01 0.01)
(0.00998 -0.01 0.01)
(0.00999 -0.01 0.01)
(0.01 -0.01 0.01)
(0 0.01 0.01)
(1e-05 0.01 0.01)
(2e-05 0.01 0.01)
(3e-05 0.01 0.01)
(4e-05 0.01 0.01)
(5e-05 0.01 0.01)
(6e-05 0.01 0.01)
(7e-05 0.01 0.01)
(8e-05 0.01 0.01)
(9e-05 0.01 0.01)
(0.0001 0.01 0.01)
(0.00011 0.01 0.01)
(0.00012 0.01 0.01)
(0.00013 0.01 0.01)
(0.00014 0.01 0.01)
(0.00015 0.01 0.01)
(0.00016 0.01 0.01)
(0.00017 0.01 0.01)
(0.00018 0.01 0.01)
(0.00019 0.01 0.01)
(0.0002 0.01 0.01)
(0.00021 0.01 0.01)
(0.00022 0.01 0.01)
(0.00023 0.01 0.01)
(0.00024 0.01 0.01)
(0.00025 0.01 0.01)
(0.00026 0.01 0.01)
(0.00027 0.01 0.01)
(0.00028 0.01 0.01)
(0.00029 0.01 0.01)
(0.0003 0.01 0.01)
(0.00031 0.01 0.01)
(0.00032 0.01 0.01)
(0.00033 0.01 0.01)
(0.00034 0.01 0.01)
(0.00035 0.01 0.01)
(0.00036 0.01 0.01)
(0.00037 0.01 0.01)
(0.00038 0.01 0.01)
(0.00039 0.01 0.01)
(0.0004 0.01 0.01)
(0.00041 0.01 0.01)
(0.00042 0.01 0.01)
(0.00043 0.01 0.01)
(0.00044 0.01 0.01)
(0.00045 0.01 0.01)
(0.00046 0.01 0.01)
(0.00047 0.01 0.01)
(0.00048 0.01 0.01)
(0.00049 0.01 0.01)
(0.0005 0.01 0.01)
(0.00051 0.01 0.01)
(0.00052 0.01 0.01)
(0.00053 0.01 0.01)
(0.00054 0.01 0.01)
(0.00055 0.01 0.01)
(0.00056 0.01 0.01)
(0.00057 0.01 0.01)
(0.00058 0.01 0.01)
(0.00059 0.01 0.01)
(0.0006 0.01 0.01)
(0.00061 0.01 0.01)
(0.00062 0.01 0.01)
(0.00063 0.01 0.01)
(0.00064 0.01 0.01)
(0.00065 0.01 0.01)
(0.00066 0.01 0.01)
(0.00067 0.01 0.01)
(0.00068 0.01 0.01)
(0.00069 0.01 0.01)
(0.0007 0.01 0.01)
(0.00071 0.01 0.01)
(0.00072 0.01 0.01)
(0.00073 0.01 0.01)
(0.00074 0.01 0.01)
(0.00075 0.01 0.01)
(0.00076 0.01 0.01)
(0.00077 0.01 0.01)
(0.00078 0.01 0.01)
(0.00079 0.01 0.01)
(0.0008 0.01 0.01)
(0.00081 0.01 0.01)
(0.00082 0.01 0.01)
(0.00083 0.01 0.01)
(0.00084 0.01 0.01)
(0.00085 0.01 0.01)
(0.00086 0.01 0.01)
(0.00087 0.01 0.01)
(0.00088 0.01 0.01)
(0.00089 0.01 0.01)
(0.0009 0.01 0.01)
(0.00091 0.01 0.01)
(0.00092 0.01 0.01)
(0.00093 0.01 0.01)
(0.00094 0.01 0.01)
(0.00095 0.01 0.01)
(0.00096 0.01 0.01)
(0.00097 0.01 0.01)
(0.00098 0.01 0.01)
(0.00099 0.01 0.01)
(0.001 0.01 0.01)
(0.00101 0.01 0.01)
(0.00102 0.01 0.01)
(0.00103 0.01 0.01)
(0.00104 0.01 0.01)
(0.00105 0.01 0.01)
(0.00106 0.01 0.01)
(0.00107 0.01 0.01)
(0.00108 0.01 0.01)
(0.00109 0.01 0.01)
(0.0011 0.01 0.01)
(0.00111 0.01 0.01)
(0.00112 0.01 0.01)
(0.00113 0.01 0.01)
(0.00114 0.01 0.01)
(0.00115 0.01 0.01)
(0.00116 0.01 0.01)
(0.00117 0.01 0.01)
(0.00118 0.01 0.01)
(0.00119 0.01 0.01)
(0.0012 0.01 0.01)
(0.00121 0.01 0.01)
(0.00122 0.01 0.01)
(0.00123 0.01 0.01)
(0.00124 0.01 0.01)
(0.00125 0.01 0.01)
(0.00126 0.01 0.01)
(0.00127 0.01 0.01)
(0.00128 0.01 0.01)
(0.00129 0.01 0.01)
(0.0013 0.01 0.01)
(0.00131 0.01 0.01)
(0.00132 0.01 0.01)
(0.00133 0.01 0.01)
(0.00134 0.01 0.01)
(0.00135 0.01 0.01)
(0.00136 0.01 0.01)
(0.00137 0.01 0.01)
(0.00138 0.01 0.01)
(0.00139 0.01 0.01)
(0.0014 0.01 0.01)
(0.00141 0.01 0.01)
(0.00142 0.01 0.01)
(0.00143 0.01 0.01)
(0.00144 0.01 0.01)
(0.00145 0.01 0.01)
(0.00146 0.01 0.01)
(0.00147 0.01 0.01)
(0.00148 0.01 0.01)
(0.00149 0.01 0.01)
(0.0015 0.01 0.01)
(0.00151 0.01 0.01)
(0.00152 0.01 0.01)
(0.00153 0.01 0.01)
(0.00154 0.01 0.01)
(0.00155 0.01 0.01)
(0.00156 0.01 0.01)
(0.00157 0.01 0.01)
(0.00158 0.01 0.01)
(0.00159 0.01 0.01)
(0.0016 0.01 0.01)
(0.00161 0.01 0.01)
(0.00162 0.01 0.01)
(0.00163 0.01 0.01)
(0.00164 0.01 0.01)
(0.00165 0.01 0.01)
(0.00166 0.01 0.01)
(0.00167 0.01 0.01)
(0.00168 0.01 0.01)
(0.00169 0.01 0.01)
(0.0017 0.01 0.01)
(0.00171 0.01 0.01)
(0.00172 0.01 0.01)
(0.00173 0.01 0.01)
(0.00174 0.01 0.01)
(0.00175 0.01 0.01)
(0.00176 0.01 0.01)
(0.00177 0.01 0.01)
(0.00178 0.01 0.01)
(0.00179 0.01 0.01)
(0.0018 0.01 0.01)
(0.00181 0.01 0.01)
(0.00182 0.01 0.01)
(0.00183 0.01 0.01)
(0.00184 0.01 0.01)
(0.00185 0.01 0.01)
(0.00186 0.01 0.01)
(0.00187 0.01 0.01)
(0.00188 0.01 0.01)
(0.00189 0.01 0.01)
(0.0019 0.01 0.01)
(0.00191 0.01 0.01)
(0.00192 0.01 0.01)
(0.00193 0.01 0.01)
(0.00194 0.01 0.01)
(0.00195 0.01 0.01)
(0.00196 0.01 0.01)
(0.00197 0.01 0.01)
(0.00198 0.01 0.01)
(0.00199 0.01 0.01)
(0.002 0.01 0.01)
(0.00201 0.01 0.01)
(0.00202 0.01 0.01)
(0.00203 0.01 0.01)
(0.00204 0.01 0.01)
(0.00205 0.01 0.01)
(0.00206 0.01 0.01)
(0.00207 0.01 0.01)
(0.00208 0.01 0.01)
(0.00209 0.01 0.01)
(0.0021 0.01 0.01)
(0.00211 0.01 0.01)
(0.00212 0.01 0.01)
(0.00213 0.01 0.01)
(0.00214 0.01 0.01)
(0.00215 0.01 0.01)
(0.00216 0.01 0.01)
(0.00217 0.01 0.01)
(0.00218 0.01 0.01)
(0.00219 0.01 0.01)
(0.0022 0.01 0.01)
(0.00221 0.01 0.01)
(0.00222 0.01 0.01)
(0.00223 0.01 0.01)
(0.00224 0.01 0.01)
(0.00225 0.01 0.01)
(0.00226 0.01 0.01)
(0.00227 0.01 0.01)
(0.00228 0.01 0.01)
(0.00229 0.01 0.01)
(0.0023 0.01 0.01)
(0.00231 0.01 0.01)
(0.00232 0.01 0.01)
(0.00233 0.01 0.01)
(0.00234 0.01 0.01)
(0.00235 0.01 0.01)
(0.00236 0.01 0.01)
(0.00237 0.01 0.01)
(0.00238 0.01 0.01)
(0.00239 0.01 0.01)
(0.0024 0.01 0.01)
(0.00241 0.01 0.01)
(0.00242 0.01 0.01)
(0.00243 0.01 0.01)
(0.00244 0.01 0.01)
(0.00245 0.01 0.01)
(0.00246 0.01 0.01)
(0.00247 0.01 0.01)
(0.00248 0.01 0.01)
(0.00249 0.01 0.01)
(0.0025 0.01 0.01)
(0.00251 0.01 0.01)
(0.00252 0.01 0.01)
(0.00253 0.01 0.01)
(0.00254 0.01 0.01)
(0.00255 0.01 0.01)
(0.00256 0.01 0.01)
(0.00257 0.01 0.01)
(0.00258 0.01 0.01)
(0.00259 0.01 0.01)
(0.0026 0.01 0.01)
(0.00261 0.01 0.01)
(0.00262 0.01 0.01)
(0.00263 0.01 0.01)
(0.00264 0.01 0.01)
(0.00265 0.01 0.01)
(0.00266 0.01 0.01)
(0.00267 0.01 0.01)
(0.00268 0.01 0.01)
(0.00269 0.01 0.01)
(0.0027 0.01 0.01)
(0.00271 0.01 0.01)
(0.00272 0.01 0.01)
(0.00273 0.01 0.01)
(0.00274 0.01 0.01)
(0.00275 0.01 0.01)
(0.00276 0.01 0.01)
(0.00277 0.01 0.01)
(0.00278 0.01 0.01)
(0.00279 0.01 0.01)
(0.0028 0.01 0.01)
(0.00281 0.01 0.01)
(0.00282 0.01 0.01)
(0.00283 0.01 0.01)
(0.00284 0.01 0.01)
(0.00285 0.01 0.01)
(0.00286 0.01 0.01)
(0.00287 0.01 0.01)
(0.00288 0.01 0.01)
(0.00289 0.01 0.01)
(0.0029 0.01 0.01)
(0.00291 0.01 0.01)
(0.00292 0.01 0.01)
(0.00293 0.01 0.01)
(0.00294 0.01 0.01)
(0.00295 0.01 0.01)
(0.00296 0.01 0.01)
(0.00297 0.01 0.01)
(0.00298 0.01 0.01)
(0.00299 0.01 0.01)
(0.003 0.01 0.01)
(0.00301 0.01 0.01)
(0.00302 0.01 0.01)
(0.00303 0.01 0.01)
(0.00304 0.01 0.01)
(0.00305 0.01 0.01)
(0.00306 0.01 0.01)
(0.00307 0.01 0.01)
(0.00308 0.01 0.01)
(0.00309 0.01 0.01)
(0.0031 0.01 0.01)
(0.00311 0.01 0.01)
(0.00312 0.01 0.01)
(0.00313 0.01 0.01)
(0.00314 0.01 0.01)
(0.00315 0.01 0.01)
(0.00316 0.01 0.01)
(0.00317 0.01 0.01)
(0.00318 0.01 0.01)
(0.00319 0.01 0.01)
(0.0032 0.01 0.01)
(0.00321 0.01 0.01)
(0.00322 0.01 0.01)
(0.00323 0.01 0.01)
(0.00324 0.01 0.01)
(0.00325 0.01 0.01)
(0.00326 0.01 0.01)
(0.00327 0.01 0.01)
(0.00328 0.01 0.01)
(0.00329 0.01 0.01)
(0.0033 0.01 0.01)
(0.00331 0.01 0.01)
(0.00332 0.01 0.01)
(0.00333 0.01 0.01)
(0.00334 0.01 0.01)
(0.00335 0.01 0.01)
(0.00336 0.01 0.01)
(0.00337 0.01 0.01)
(0.00338 0.01 0.01)
(0.00339 0.01 0.01)
(0.0034 0.01 0.01)
(0.00341 0.01 0.01)
(0.00342 0.01 0.01)
(0.00343 0.01 0.01)
(0.00344 0.01 0.01)
(0.00345 0.01 0.01)
(0.00346 0.01 0.01)
(0.00347 0.01 0.01)
(0.00348 0.01 0.01)
(0.00349 0.01 0.01)
(0.0035 0.01 0.01)
(0.00351 0.01 0.01)
(0.00352 0.01 0.01)
(0.00353 0.01 0.01)
(0.00354 0.01 0.01)
(0.00355 0.01 0.01)
(0.00356 0.01 0.01)
(0.00357 0.01 0.01)
(0.00358 0.01 0.01)
(0.00359 0.01 0.01)
(0.0036 0.01 0.01)
(0.00361 0.01 0.01)
(0.00362 0.01 0.01)
(0.00363 0.01 0.01)
(0.00364 0.01 0.01)
(0.00365 0.01 0.01)
(0.00366 0.01 0.01)
(0.00367 0.01 0.01)
(0.00368 0.01 0.01)
(0.00369 0.01 0.01)
(0.0037 0.01 0.01)
(0.00371 0.01 0.01)
(0.00372 0.01 0.01)
(0.00373 0.01 0.01)
(0.00374 0.01 0.01)
(0.00375 0.01 0.01)
(0.00376 0.01 0.01)
(0.00377 0.01 0.01)
(0.00378 0.01 0.01)
(0.00379 0.01 0.01)
(0.0038 0.01 0.01)
(0.00381 0.01 0.01)
(0.00382 0.01 0.01)
(0.00383 0.01 0.01)
(0.00384 0.01 0.01)
(0.00385 0.01 0.01)
(0.00386 0.01 0.01)
(0.00387 0.01 0.01)
(0.00388 0.01 0.01)
(0.00389 0.01 0.01)
(0.0039 0.01 0.01)
(0.00391 0.01 0.01)
(0.00392 0.01 0.01)
(0.00393 0.01 0.01)
(0.00394 0.01 0.01)
(0.00395 0.01 0.01)
(0.00396 0.01 0.01)
(0.00397 0.01 0.01)
(0.00398 0.01 0.01)
(0.00399 0.01 0.01)
(0.004 0.01 0.01)
(0.00401 0.01 0.01)
(0.00402 0.01 0.01)
(0.00403 0.01 0.01)
(0.00404 0.01 0.01)
(0.00405 0.01 0.01)
(0.00406 0.01 0.01)
(0.00407 0.01 0.01)
(0.00408 0.01 0.01)
(0.00409 0.01 0.01)
(0.0041 0.01 0.01)
(0.00411 0.01 0.01)
(0.00412 0.01 0.01)
(0.00413 0.01 0.01)
(0.00414 0.01 0.01)
(0.00415 0.01 0.01)
(0.00416 0.01 0.01)
(0.00417 0.01 0.01)
(0.00418 0.01 0.01)
(0.00419 0.01 0.01)
(0.0042 0.01 0.01)
(0.00421 0.01 0.01)
(0.00422 0.01 0.01)
(0.00423 0.01 0.01)
(0.00424 0.01 0.01)
(0.00425 0.01 0.01)
(0.00426 0.01 0.01)
(0.00427 0.01 0.01)
(0.00428 0.01 0.01)
(0.00429 0.01 0.01)
(0.0043 0.01 0.01)
(0.00431 0.01 0.01)
(0.00432 0.01 0.01)
(0.00433 0.01 0.01)
(0.00434 0.01 0.01)
(0.00435 0.01 0.01)
(0.00436 0.01 0.01)
(0.00437 0.01 0.01)
(0.00438 0.01 0.01)
(0.00439 0.01 0.01)
(0.0044 0.01 0.01)
(0.00441 0.01 0.01)
(0.00442 0.01 0.01)
(0.00443 0.01 0.01)
(0.00444 0.01 0.01)
(0.00445 0.01 0.01)
(0.00446 0.01 0.01)
(0.00447 0.01 0.01)
(0.00448 0.01 0.01)
(0.00449 0.01 0.01)
(0.0045 0.01 0.01)
(0.00451 0.01 0.01)
(0.00452 0.01 0.01)
(0.00453 0.01 0.01)
(0.00454 0.01 0.01)
(0.00455 0.01 0.01)
(0.00456 0.01 0.01)
(0.00457 0.01 0.01)
(0.00458 0.01 0.01)
(0.00459 0.01 0.01)
(0.0046 0.01 0.01)
(0.00461 0.01 0.01)
(0.00462 0.01 0.01)
(0.00463 0.01 0.01)
(0.00464 0.01 0.01)
(0.00465 0.01 0.01)
(0.00466 0.01 0.01)
(0.00467 0.01 0.01)
(0.00468 0.01 0.01)
(0.00469 0.01 0.01)
(0.0047 0.01 0.01)
(0.00471 0.01 0.01)
(0.00472 0.01 0.01)
(0.00473 0.01 0.01)
(0.00474 0.01 0.01)
(0.00475 0.01 0.01)
(0.00476 0.01 0.01)
(0.00477 0.01 0.01)
(0.00478 0.01 0.01)
(0.00479 0.01 0.01)
(0.0048 0.01 0.01)
(0.00481 0.01 0.01)
(0.00482 0.01 0.01)
(0.00483 0.01 0.01)
(0.00484 0.01 0.01)
(0.00485 0.01 0.01)
(0.00486 0.01 0.01)
(0.00487 0.01 0.01)
(0.00488 0.01 0.01)
(0.00489 0.01 0.01)
(0.0049 0.01 0.01)
(0.00491 0.01 0.01)
(0.00492 0.01 0.01)
(0.00493 0.01 0.01)
(0.00494 0.01 0.01)
(0.00495 0.01 0.01)
(0.00496 0.01 0.01)
(0.00497 0.01 0.01)
(0.00498 0.01 0.01)
(0.00499 0.01 0.01)
(0.005 0.01 0.01)
(0.00501 0.01 0.01)
(0.00502 0.01 0.01)
(0.00503 0.01 0.01)
(0.00504 0.01 0.01)
(0.00505 0.01 0.01)
(0.00506 0.01 0.01)
(0.00507 0.01 0.01)
(0.00508 0.01 0.01)
(0.00509 0.01 0.01)
(0.0051 0.01 0.01)
(0.00511 0.01 0.01)
(0.00512 0.01 0.01)
(0.00513 0.01 0.01)
(0.00514 0.01 0.01)
(0.00515 0.01 0.01)
(0.00516 0.01 0.01)
(0.00517 0.01 0.01)
(0.00518 0.01 0.01)
(0.00519 0.01 0.01)
(0.0052 0.01 0.01)
(0.00521 0.01 0.01)
(0.00522 0.01 0.01)
(0.00523 0.01 0.01)
(0.00524 0.01 0.01)
(0.00525 0.01 0.01)
(0.00526 0.01 0.01)
(0.00527 0.01 0.01)
(0.00528 0.01 0.01)
(0.00529 0.01 0.01)
(0.0053 0.01 0.01)
(0.00531 0.01 0.01)
(0.00532 0.01 0.01)
(0.00533 0.01 0.01)
(0.00534 0.01 0.01)
(0.00535 0.01 0.01)
(0.00536 0.01 0.01)
(0.00537 0.01 0.01)
(0.00538 0.01 0.01)
(0.00539 0.01 0.01)
(0.0054 0.01 0.01)
(0.00541 0.01 0.01)
(0.00542 0.01 0.01)
(0.00543 0.01 0.01)
(0.00544 0.01 0.01)
(0.00545 0.01 0.01)
(0.00546 0.01 0.01)
(0.00547 0.01 0.01)
(0.00548 0.01 0.01)
(0.00549 0.01 0.01)
(0.0055 0.01 0.01)
(0.00551 0.01 0.01)
(0.00552 0.01 0.01)
(0.00553 0.01 0.01)
(0.00554 0.01 0.01)
(0.00555 0.01 0.01)
(0.00556 0.01 0.01)
(0.00557 0.01 0.01)
(0.00558 0.01 0.01)
(0.00559 0.01 0.01)
(0.0056 0.01 0.01)
(0.00561 0.01 0.01)
(0.00562 0.01 0.01)
(0.00563 0.01 0.01)
(0.00564 0.01 0.01)
(0.00565 0.01 0.01)
(0.00566 0.01 0.01)
(0.00567 0.01 0.01)
(0.00568 0.01 0.01)
(0.00569 0.01 0.01)
(0.0057 0.01 0.01)
(0.00571 0.01 0.01)
(0.00572 0.01 0.01)
(0.00573 0.01 0.01)
(0.00574 0.01 0.01)
(0.00575 0.01 0.01)
(0.00576 0.01 0.01)
(0.00577 0.01 0.01)
(0.00578 0.01 0.01)
(0.00579 0.01 0.01)
(0.0058 0.01 0.01)
(0.00581 0.01 0.01)
(0.00582 0.01 0.01)
(0.00583 0.01 0.01)
(0.00584 0.01 0.01)
(0.00585 0.01 0.01)
(0.00586 0.01 0.01)
(0.00587 0.01 0.01)
(0.00588 0.01 0.01)
(0.00589 0.01 0.01)
(0.0059 0.01 0.01)
(0.00591 0.01 0.01)
(0.00592 0.01 0.01)
(0.00593 0.01 0.01)
(0.00594 0.01 0.01)
(0.00595 0.01 0.01)
(0.00596 0.01 0.01)
(0.00597 0.01 0.01)
(0.00598 0.01 0.01)
(0.00599 0.01 0.01)
(0.006 0.01 0.01)
(0.00601 0.01 0.01)
(0.00602 0.01 0.01)
(0.00603 0.01 0.01)
(0.00604 0.01 0.01)
(0.00605 0.01 0.01)
(0.00606 0.01 0.01)
(0.00607 0.01 0.01)
(0.00608 0.01 0.01)
(0.00609 0.01 0.01)
(0.0061 0.01 0.01)
(0.00611 0.01 0.01)
(0.00612 0.01 0.01)
(0.00613 0.01 0.01)
(0.00614 0.01 0.01)
(0.00615 0.01 0.01)
(0.00616 0.01 0.01)
(0.00617 0.01 0.01)
(0.00618 0.01 0.01)
(0.00619 0.01 0.01)
(0.0062 0.01 0.01)
(0.00621 0.01 0.01)
(0.00622 0.01 0.01)
(0.00623 0.01 0.01)
(0.00624 0.01 0.01)
(0.00625 0.01 0.01)
(0.00626 0.01 0.01)
(0.00627 0.01 0.01)
(0.00628 0.01 0.01)
(0.00629 0.01 0.01)
(0.0063 0.01 0.01)
(0.00631 0.01 0.01)
(0.00632 0.01 0.01)
(0.00633 0.01 0.01)
(0.00634 0.01 0.01)
(0.00635 0.01 0.01)
(0.00636 0.01 0.01)
(0.00637 0.01 0.01)
(0.00638 0.01 0.01)
(0.00639 0.01 0.01)
(0.0064 0.01 0.01)
(0.00641 0.01 0.01)
(0.00642 0.01 0.01)
(0.00643 0.01 0.01)
(0.00644 0.01 0.01)
(0.00645 0.01 0.01)
(0.00646 0.01 0.01)
(0.00647 0.01 0.01)
(0.00648 0.01 0.01)
(0.00649 0.01 0.01)
(0.0065 0.01 0.01)
(0.00651 0.01 0.01)
(0.00652 0.01 0.01)
(0.00653 0.01 0.01)
(0.00654 0.01 0.01)
(0.00655 0.01 0.01)
(0.00656 0.01 0.01)
(0.00657 0.01 0.01)
(0.00658 0.01 0.01)
(0.00659 0.01 0.01)
(0.0066 0.01 0.01)
(0.00661 0.01 0.01)
(0.00662 0.01 0.01)
(0.00663 0.01 0.01)
(0.00664 0.01 0.01)
(0.00665 0.01 0.01)
(0.00666 0.01 0.01)
(0.00667 0.01 0.01)
(0.00668 0.01 0.01)
(0.00669 0.01 0.01)
(0.0067 0.01 0.01)
(0.00671 0.01 0.01)
(0.00672 0.01 0.01)
(0.00673 0.01 0.01)
(0.00674 0.01 0.01)
(0.00675 0.01 0.01)
(0.00676 0.01 0.01)
(0.00677 0.01 0.01)
(0.00678 0.01 0.01)
(0.00679 0.01 0.01)
(0.0068 0.01 0.01)
(0.00681 0.01 0.01)
(0.00682 0.01 0.01)
(0.00683 0.01 0.01)
(0.00684 0.01 0.01)
(0.00685 0.01 0.01)
(0.00686 0.01 0.01)
(0.00687 0.01 0.01)
(0.00688 0.01 0.01)
(0.00689 0.01 0.01)
(0.0069 0.01 0.01)
(0.00691 0.01 0.01)
(0.00692 0.01 0.01)
(0.00693 0.01 0.01)
(0.00694 0.01 0.01)
(0.00695 0.01 0.01)
(0.00696 0.01 0.01)
(0.00697 0.01 0.01)
(0.00698 0.01 0.01)
(0.00699 0.01 0.01)
(0.007 0.01 0.01)
(0.00701 0.01 0.01)
(0.00702 0.01 0.01)
(0.00703 0.01 0.01)
(0.00704 0.01 0.01)
(0.00705 0.01 0.01)
(0.00706 0.01 0.01)
(0.00707 0.01 0.01)
(0.00708 0.01 0.01)
(0.00709 0.01 0.01)
(0.0071 0.01 0.01)
(0.00711 0.01 0.01)
(0.00712 0.01 0.01)
(0.00713 0.01 0.01)
(0.00714 0.01 0.01)
(0.00715 0.01 0.01)
(0.00716 0.01 0.01)
(0.00717 0.01 0.01)
(0.00718 0.01 0.01)
(0.00719 0.01 0.01)
(0.0072 0.01 0.01)
(0.00721 0.01 0.01)
(0.00722 0.01 0.01)
(0.00723 0.01 0.01)
(0.00724 0.01 0.01)
(0.00725 0.01 0.01)
(0.00726 0.01 0.01)
(0.00727 0.01 0.01)
(0.00728 0.01 0.01)
(0.00729 0.01 0.01)
(0.0073 0.01 0.01)
(0.00731 0.01 0.01)
(0.00732 0.01 0.01)
(0.00733 0.01 0.01)
(0.00734 0.01 0.01)
(0.00735 0.01 0.01)
(0.00736 0.01 0.01)
(0.00737 0.01 0.01)
(0.00738 0.01 0.01)
(0.00739 0.01 0.01)
(0.0074 0.01 0.01)
(0.00741 0.01 0.01)
(0.00742 0.01 0.01)
(0.00743 0.01 0.01)
(0.00744 0.01 0.01)
(0.00745 0.01 0.01)
(0.00746 0.01 0.01)
(0.00747 0.01 0.01)
(0.00748 0.01 0.01)
(0.00749 0.01 0.01)
(0.0075 0.01 0.01)
(0.00751 0.01 0.01)
(0.00752 0.01 0.01)
(0.00753 0.01 0.01)
(0.00754 0.01 0.01)
(0.00755 0.01 0.01)
(0.00756 0.01 0.01)
(0.00757 0.01 0.01)
(0.00758 0.01 0.01)
(0.00759 0.01 0.01)
(0.0076 0.01 0.01)
(0.00761 0.01 0.01)
(0.00762 0.01 0.01)
(0.00763 0.01 0.01)
(0.00764 0.01 0.01)
(0.00765 0.01 0.01)
(0.00766 0.01 0.01)
(0.00767 0.01 0.01)
(0.00768 0.01 0.01)
(0.00769 0.01 0.01)
(0.0077 0.01 0.01)
(0.00771 0.01 0.01)
(0.00772 0.01 0.01)
(0.00773 0.01 0.01)
(0.00774 0.01 0.01)
(0.00775 0.01 0.01)
(0.00776 0.01 0.01)
(0.00777 0.01 0.01)
(0.00778 0.01 0.01)
(0.00779 0.01 0.01)
(0.0078 0.01 0.01)
(0.00781 0.01 0.01)
(0.00782 0.01 0.01)
(0.00783 0.01 0.01)
(0.00784 0.01 0.01)
(0.00785 0.01 0.01)
(0.00786 0.01 0.01)
(0.00787 0.01 0.01)
(0.00788 0.01 0.01)
(0.00789 0.01 0.01)
(0.0079 0.01 0.01)
(0.00791 0.01 0.01)
(0.00792 0.01 0.01)
(0.00793 0.01 0.01)
(0.00794 0.01 0.01)
(0.00795 0.01 0.01)
(0.00796 0.01 0.01)
(0.00797 0.01 0.01)
(0.00798 0.01 0.01)
(0.00799 0.01 0.01)
(0.008 0.01 0.01)
(0.00801 0.01 0.01)
(0.00802 0.01 0.01)
(0.00803 0.01 0.01)
(0.00804 0.01 0.01)
(0.00805 0.01 0.01)
(0.00806 0.01 0.01)
(0.00807 0.01 0.01)
(0.00808 0.01 0.01)
(0.00809 0.01 0.01)
(0.0081 0.01 0.01)
(0.00811 0.01 0.01)
(0.00812 0.01 0.01)
(0.00813 0.01 0.01)
(0.00814 0.01 0.01)
(0.00815 0.01 0.01)
(0.00816 0.01 0.01)
(0.00817 0.01 0.01)
(0.00818 0.01 0.01)
(0.00819 0.01 0.01)
(0.0082 0.01 0.01)
(0.00821 0.01 0.01)
(0.00822 0.01 0.01)
(0.00823 0.01 0.01)
(0.00824 0.01 0.01)
(0.00825 0.01 0.01)
(0.00826 0.01 0.01)
(0.00827 0.01 0.01)
(0.00828 0.01 0.01)
(0.00829 0.01 0.01)
(0.0083 0.01 0.01)
(0.00831 0.01 0.01)
(0.00832 0.01 0.01)
(0.00833 0.01 0.01)
(0.00834 0.01 0.01)
(0.00835 0.01 0.01)
(0.00836 0.01 0.01)
(0.00837 0.01 0.01)
(0.00838 0.01 0.01)
(0.00839 0.01 0.01)
(0.0084 0.01 0.01)
(0.00841 0.01 0.01)
(0.00842 0.01 0.01)
(0.00843 0.01 0.01)
(0.00844 0.01 0.01)
(0.00845 0.01 0.01)
(0.00846 0.01 0.01)
(0.00847 0.01 0.01)
(0.00848 0.01 0.01)
(0.00849 0.01 0.01)
(0.0085 0.01 0.01)
(0.00851 0.01 0.01)
(0.00852 0.01 0.01)
(0.00853 0.01 0.01)
(0.00854 0.01 0.01)
(0.00855 0.01 0.01)
(0.00856 0.01 0.01)
(0.00857 0.01 0.01)
(0.00858 0.01 0.01)
(0.00859 0.01 0.01)
(0.0086 0.01 0.01)
(0.00861 0.01 0.01)
(0.00862 0.01 0.01)
(0.00863 0.01 0.01)
(0.00864 0.01 0.01)
(0.00865 0.01 0.01)
(0.00866 0.01 0.01)
(0.00867 0.01 0.01)
(0.00868 0.01 0.01)
(0.00869 0.01 0.01)
(0.0087 0.01 0.01)
(0.00871 0.01 0.01)
(0.00872 0.01 0.01)
(0.00873 0.01 0.01)
(0.00874 0.01 0.01)
(0.00875 0.01 0.01)
(0.00876 0.01 0.01)
(0.00877 0.01 0.01)
(0.00878 0.01 0.01)
(0.00879 0.01 0.01)
(0.0088 0.01 0.01)
(0.00881 0.01 0.01)
(0.00882 0.01 0.01)
(0.00883 0.01 0.01)
(0.00884 0.01 0.01)
(0.00885 0.01 0.01)
(0.00886 0.01 0.01)
(0.00887 0.01 0.01)
(0.00888 0.01 0.01)
(0.00889 0.01 0.01)
(0.0089 0.01 0.01)
(0.00891 0.01 0.01)
(0.00892 0.01 0.01)
(0.00893 0.01 0.01)
(0.00894 0.01 0.01)
(0.00895 0.01 0.01)
(0.00896 0.01 0.01)
(0.00897 0.01 0.01)
(0.00898 0.01 0.01)
(0.00899 0.01 0.01)
(0.009 0.01 0.01)
(0.00901 0.01 0.01)
(0.00902 0.01 0.01)
(0.00903 0.01 0.01)
(0.00904 0.01 0.01)
(0.00905 0.01 0.01)
(0.00906 0.01 0.01)
(0.00907 0.01 0.01)
(0.00908 0.01 0.01)
(0.00909 0.01 0.01)
(0.0091 0.01 0.01)
(0.00911 0.01 0.01)
(0.00912 0.01 0.01)
(0.00913 0.01 0.01)
(0.00914 0.01 0.01)
(0.00915 0.01 0.01)
(0.00916 0.01 0.01)
(0.00917 0.01 0.01)
(0.00918 0.01 0.01)
(0.00919 0.01 0.01)
(0.0092 0.01 0.01)
(0.00921 0.01 0.01)
(0.00922 0.01 0.01)
(0.00923 0.01 0.01)
(0.00924 0.01 0.01)
(0.00925 0.01 0.01)
(0.00926 0.01 0.01)
(0.00927 0.01 0.01)
(0.00928 0.01 0.01)
(0.00929 0.01 0.01)
(0.0093 0.01 0.01)
(0.00931 0.01 0.01)
(0.00932 0.01 0.01)
(0.00933 0.01 0.01)
(0.00934 0.01 0.01)
(0.00935 0.01 0.01)
(0.00936 0.01 0.01)
(0.00937 0.01 0.01)
(0.00938 0.01 0.01)
(0.00939 0.01 0.01)
(0.0094 0.01 0.01)
(0.00941 0.01 0.01)
(0.00942 0.01 0.01)
(0.00943 0.01 0.01)
(0.00944 0.01 0.01)
(0.00945 0.01 0.01)
(0.00946 0.01 0.01)
(0.00947 0.01 0.01)
(0.00948 0.01 0.01)
(0.00949 0.01 0.01)
(0.0095 0.01 0.01)
(0.00951 0.01 0.01)
(0.00952 0.01 0.01)
(0.00953 0.01 0.01)
(0.00954 0.01 0.01)
(0.00955 0.01 0.01)
(0.00956 0.01 0.01)
(0.00957 0.01 0.01)
(0.00958 0.01 0.01)
(0.00959 0.01 0.01)
(0.0096 0.01 0.01)
(0.00961 0.01 0.01)
(0.00962 0.01 0.01)
(0.00963 0.01 0.01)
(0.00964 0.01 0.01)
(0.00965 0.01 0.01)
(0.00966 0.01 0.01)
(0.00967 0.01 0.01)
(0.00968 0.01 0.01)
(0.00969 0.01 0.01)
(0.0097 0.01 0.01)
(0.00971 0.01 0.01)
(0.00972 0.01 0.01)
(0.00973 0.01 0.01)
(0.00974 0.01 0.01)
(0.00975 0.01 0.01)
(0.00976 0.01 0.01)
(0.00977 0.01 0.01)
(0.00978 0.01 0.01)
(0.00979 0.01 0.01)
(0.0098 0.01 0.01)
(0.00981 0.01 0.01)
(0.00982 0.01 0.01)
(0.00983 0.01 0.01)
(0.00984 0.01 0.01)
(0.00985 0.01 0.01)
(0.00986 0.01 0.01)
(0.00987 0.01 0.01)
(0.00988 0.01 0.01)
(0.00989 0.01 0.01)
(0.0099 0.01 0.01)
(0.00991 0.01 0.01)
(0.00992 0.01 0.01)
(0.00993 0.01 0.01)
(0.00994 0.01 0.01)
(0.00995 0.01 0.01)
(0.00996 0.01 0.01)
(0.00997 0.01 0.01)
(0.00998 0.01 0.01)
(0.00999 0.01 0.01)
(0.01 0.01 0.01)
)


// ************************************************************************* //
